#Res        AtomicFlx
   1.000       3.5449
   2.000       2.7198
   3.000       2.3743
   4.000       2.1815
   5.000       2.1682
   6.000       2.0108
   7.000       1.7395
   8.000       1.6676
   9.000       1.6799
  10.000       1.4690
  11.000       1.2851
  12.000       1.3812
  13.000       1.3710
  14.000       1.1204
  15.000       1.1583
  16.000       1.3089
  17.000       1.2710
  18.000       1.1410
  19.000       1.1951
  20.000       1.2605
  21.000       1.2231
  22.000       1.1546
  23.000       1.2140
  24.000       1.3452
  25.000       1.3138
  26.000       1.2760
  27.000       1.4246
  28.000       1.5568
  29.000       1.5073
  30.000       1.5237
  31.000       1.7382
  32.000       1.7987
  33.000       1.7371
  34.000       1.8777
  35.000       2.0578
  36.000       2.4412
  37.000       2.4390
  38.000       2.5713
  39.000       2.4150
  40.000       2.0955
  41.000       2.1030
  42.000       2.1288
  43.000       1.8880
  44.000       1.7312
  45.000       1.8367
  46.000       1.7395
  47.000       1.5566
  48.000       1.5416
  49.000       1.5385
  50.000       1.4071
  51.000       1.2849
  52.000       1.3755
  53.000       1.3618
  54.000       1.2252
  55.000       1.2526
  56.000       1.4175
  57.000       1.4631
  58.000       1.4069
  59.000       1.5973
  60.000       1.8681
  61.000       1.9176
  62.000       1.9599
  63.000       2.2447
  64.000       2.3715
  65.000       2.2182
  66.000       2.4259
  67.000       2.4819
  68.000       2.8093
  69.000       2.7197
  70.000       2.4439
  71.000       2.4804
  72.000       2.1621
  73.000       1.9732
  74.000       1.7443
  75.000       1.6979
  76.000       1.8106
  77.000       1.6175
  78.000       1.3986
  79.000       1.6648
  80.000       1.8719
  81.000       1.6812
  82.000       1.7030
  83.000       2.2979
  84.000       2.4644
  85.000       2.5213
  86.000       2.1726
  87.000       2.3444
  88.000       2.3586
  89.000       2.0977
  90.000       1.9476
  91.000       1.9011
  92.000       1.8939
  93.000       1.7663
  94.000       1.5345
  95.000       1.6274
  96.000       1.7339
  97.000       1.5278
  98.000       1.4497
  99.000       1.7046
 100.000       1.7327
 101.000       1.5028
 102.000       1.5971
 103.000       1.8494
 104.000       1.7760
 105.000       1.6520
 106.000       1.9214
 107.000       2.1046
 108.000       1.9874
 109.000       2.0777
 110.000       2.3803
 111.000       2.5695
 112.000       2.9559
 113.000       2.5342
 114.000       2.4686
 115.000       2.7679
 116.000       3.2716
 117.000       4.0930
 118.000       4.6464
 119.000       4.1903
 120.000       4.4028
 121.000       3.8527
 122.000       3.3475
 123.000       2.7298
 124.000       2.3709
 125.000       2.2354
 126.000       2.2476
 127.000       2.6900
 128.000       2.7336
 129.000       2.4401
 130.000       2.2459
 131.000       2.2360
 132.000       2.4338
 133.000       2.4776
 134.000       2.4595
 135.000       2.5852
 136.000       2.8201
 137.000       2.7979
 138.000       3.0123
 139.000       2.8763
 140.000       2.5789
 141.000       2.5413
 142.000       2.4075
 143.000       2.0758
 144.000       1.8667
 145.000       1.8901
 146.000       1.7184
 147.000       1.4606
 148.000       1.4562
 149.000       1.8003
 150.000       1.7439
 151.000       1.5172
 152.000       2.1394
 153.000       2.4268
 154.000       1.7178
 155.000       1.2966
 156.000       1.4585
 157.000       1.4805
 158.000       1.2828
 159.000       1.1772
 160.000       1.2788
 161.000       1.2336
 162.000       1.0869
 163.000       1.1059
 164.000       1.1491
 165.000       1.0890
 166.000       0.9704
 167.000       1.0532
 168.000       1.1419
 169.000       1.0479
 170.000       1.0414
 171.000       1.2494
 172.000       1.2929
 173.000       1.1613
 174.000       1.3993
 175.000       1.6480
 176.000       1.5780
 177.000       1.4893
 178.000       1.2394
 179.000       1.2049
 180.000       0.9671
 181.000       0.9189
 182.000       0.8829
 183.000       0.9086
 184.000       0.9632
 185.000       0.9621
 186.000       0.8936
 187.000       1.0142
 188.000       1.0370
 189.000       0.9207
 190.000       0.9861
 191.000       1.1103
 192.000       1.9261
 193.000       2.5860
 194.000       3.6953
 195.000       4.3504
 196.000       4.3217
 197.000       3.2014
 198.000       1.6792
 199.000       1.1791
 200.000       1.0838
 201.000       1.1614
 202.000       1.3110
 203.000       1.1958
 204.000       1.1186
 205.000       1.1493
 206.000       1.1342
 207.000       0.9762
 208.000       0.8704
 209.000       0.8832
 210.000       0.8958
 211.000       0.8047
 212.000       0.7366
 213.000       0.7722
 214.000       0.7895
 215.000       0.7306
 216.000       0.7438
 217.000       0.7816
 218.000       0.7085
 219.000       0.6544
 220.000       0.6771
 221.000       0.7305
 222.000       0.7238
 223.000       0.6991
 224.000       0.8123
 225.000       0.8962
 226.000       0.8454
 227.000       0.8503
 228.000       1.0493
 229.000       1.1341
 230.000       1.0855
 231.000       1.2448
 232.000       1.5374
 233.000       1.6083
 234.000       1.5962
 235.000       1.9520
 236.000       2.1979
 237.000       1.7223
 238.000       1.3620
 239.000       1.2691
 240.000       1.2566
 241.000       1.1160
 242.000       0.9976
 243.000       0.9002
 244.000       0.9028
 245.000       1.0958
 246.000       1.2669
 247.000       1.3999
 248.000       1.3825
 249.000       1.4098
 250.000       1.5165
 251.000       1.3968
 252.000       1.3855
 253.000       1.0857
 254.000       1.3295
 255.000       1.7977
 256.000       1.5414
 257.000       1.1846
 258.000       1.2839
 259.000       1.3120
 260.000       1.4612
 261.000       1.4702
 262.000       2.0869
 263.000       2.6936
 264.000       2.8705
 265.000       2.5313
 266.000       3.3720
 267.000       3.4628
 268.000       3.6595
 269.000       3.0577
 270.000       4.0386
 271.000       3.4253
 272.000       2.3716
 273.000       2.0198
 274.000       1.7410
 275.000       1.3448
 276.000       1.4618
 277.000       1.6657
 278.000       1.5731
 279.000       1.4950
 280.000       1.7499
 281.000       1.9314
 282.000       1.8172
 283.000       1.7631
 284.000       1.5440
 285.000       1.4446
 286.000       1.4870
 287.000       1.4570
 288.000       1.2713
 289.000       1.1792
 290.000       1.2310
 291.000       1.1805
 292.000       1.0696
 293.000       1.0164
 294.000       1.0164
 295.000       0.9690
 296.000       0.8980
 297.000       0.9853
 298.000       1.0882
 299.000       1.1136
 300.000       1.2729
 301.000       1.3789
 302.000       1.2881
 303.000       1.6598
 304.000       1.9484
 305.000       3.0094
 306.000       2.2070
 307.000       2.5072
 308.000       2.0610
 309.000       1.7182
 310.000       1.6631
 311.000       1.7192
 312.000       1.6663
 313.000       1.5850
 314.000       1.5626
 315.000       1.8991
 316.000       1.8323
 317.000       2.3082
 318.000       3.0374
 319.000       3.3503
 320.000       4.3271
 321.000       4.6992
 322.000       3.6600
 323.000       2.5784
 324.000       2.1926
 325.000       2.0256
 326.000       2.2045
 327.000       1.7762
 328.000       1.4726
 329.000       1.2764
 330.000       1.1797
 331.000       1.1425
 332.000       1.1533
 333.000       1.2572
 334.000       1.6935
 335.000       2.0846
 336.000       1.6043
 337.000       1.2990
 338.000       1.2238
 339.000       1.2353
 340.000       1.3475
 341.000       1.4358
 342.000       1.5634
 343.000       1.6663
 344.000       1.4954
 345.000       1.6803
 346.000       1.4729
 347.000       1.2959
 348.000       1.2198
 349.000       1.2551
 350.000       1.2166
 351.000       1.0707
 352.000       0.9996
 353.000       1.0640
 354.000       1.0302
 355.000       0.8615
 356.000       0.8384
 357.000       0.9183
 358.000       0.8630
 359.000       0.7679
 360.000       0.8063
 361.000       0.8301
 362.000       0.7903
 363.000       0.7354
 364.000       0.8140
 365.000       0.8698
 366.000       0.8422
 367.000       0.8809
 368.000       0.9729
 369.000       1.1067
 370.000       0.9522
 371.000       0.9413
 372.000       0.9107
 373.000       1.0851
 374.000       1.0394
 375.000       1.2680
 376.000       1.1770
 377.000       1.1131
 378.000       1.0389
 379.000       0.8918
 380.000       1.0177
 381.000       0.8629
 382.000       0.7880
 383.000       0.8611
 384.000       0.8132
 385.000       0.6763
 386.000       0.7428
 387.000       0.7414
 388.000       0.7165
 389.000       0.7087
 390.000       0.7542
 391.000       0.8210
 392.000       0.8598
 393.000       0.8900
 394.000       0.8563
 395.000       0.8592
 396.000       0.8392
 397.000       0.8821
 398.000       0.9292
 399.000       0.8988
 400.000       0.9229
 401.000       1.0532
 402.000       1.1930
 403.000       1.2526
 404.000       1.3461
 405.000       1.2957
 406.000       1.2593
 407.000       1.4865
 408.000       1.8149
 409.000       1.9337
 410.000       1.5097
 411.000       1.3510
 412.000       1.3037
 413.000       1.4819
 414.000       1.8638
 415.000       1.4618
 416.000       1.0462
 417.000       0.9592
 418.000       0.9199
 419.000       0.8524
 420.000       0.7757
 421.000       0.7310
 422.000       0.7362
 423.000       0.7418
 424.000       0.7179
 425.000       0.7140
 426.000       0.7837
 427.000       0.8122
 428.000       0.7713
 429.000       0.7991
 430.000       0.9866
 431.000       0.7783
 432.000       0.7434
 433.000       0.7157
 434.000       0.7215
 435.000       0.7839
 436.000       0.7281
 437.000       0.6757
 438.000       0.6904
 439.000       0.6853
 440.000       0.7144
 441.000       0.7083
 442.000       0.7120
 443.000       0.7534
 444.000       0.8185
 445.000       0.8579
 446.000       0.8736
 447.000       1.0130
 448.000       1.1770
 449.000       1.4981
 450.000       1.4579
 451.000       1.3898
 452.000       1.3485
 453.000       1.4545
 454.000       1.1408
 455.000       1.0345
 456.000       1.3831
 457.000       1.4220
 458.000       0.9912
 459.000       0.8246
 460.000       0.9449
 461.000       0.8995
 462.000       0.7698
 463.000       0.7521
 464.000       0.8076
 465.000       0.8430
 466.000       0.7538
 467.000       0.7035
 468.000       0.7045
 469.000       0.8080
 470.000       0.9913
 471.000       1.2052
 472.000       1.3719
 473.000       1.2779
 474.000       1.6269
 475.000       1.8157
 476.000       2.1719
 477.000       2.2077
 478.000       2.0176
 479.000       1.6287
 480.000       1.0795
 481.000       0.9595
 482.000       0.9922
 483.000       1.1118
 484.000       1.1597
 485.000       1.1358
 486.000       1.3501
 487.000       1.2890
 488.000       1.0120
 489.000       1.3045
 490.000       1.3948
 491.000       1.3617
 492.000       1.1223
 493.000       1.1437
 494.000       0.8186
 495.000       0.7588
 496.000       0.7367
 497.000       0.7401
 498.000       0.7031
 499.000       0.6704
 500.000       0.7094
 501.000       0.7860
 502.000       0.7245
 503.000       0.6544
 504.000       0.6344
 505.000       0.6567
 506.000       0.6942
 507.000       0.6615
 508.000       0.6437
 509.000       0.7534
 510.000       0.7886
 511.000       0.6820
 512.000       0.7187
 513.000       0.8547
 514.000       0.8880
 515.000       0.9621
 516.000       1.0738
 517.000       1.1317
 518.000       1.6615
 519.000       1.4260
 520.000       1.0874
 521.000       0.9054
 522.000       0.9318
 523.000       0.9733
 524.000       0.9576
 525.000       1.0004
 526.000       0.9164
 527.000       1.4445
 528.000       1.5098
 529.000       1.3926
 530.000       1.0031
 531.000       0.9333
 532.000       0.8328
 533.000       0.8316
 534.000       0.9078
 535.000       0.9093
 536.000       0.7688
 537.000       0.8459
 538.000       0.9750
 539.000       0.8329
 540.000       0.7622
 541.000       0.8627
 542.000       0.9267
 543.000       0.9724
 544.000       0.9923
 545.000       1.0715
 546.000       0.8864
 547.000       0.8095
 548.000       0.7233
 549.000       0.7799
 550.000       0.8509
 551.000       0.7941
 552.000       0.8406
 553.000       1.0129
 554.000       1.0465
 555.000       0.9427
 556.000       1.0566
 557.000       1.2589
 558.000       1.1240
 559.000       1.0383
 560.000       0.9874
 561.000       0.9908
 562.000       0.8637
 563.000       0.8180
 564.000       0.7832
 565.000       0.7142
 566.000       0.7105
 567.000       0.7717
 568.000       0.7845
 569.000       0.7177
 570.000       0.7226
 571.000       0.7909
 572.000       0.8360
 573.000       0.7572
 574.000       0.7514
 575.000       0.8693
 576.000       0.8926
 577.000       0.8560
 578.000       1.0164
 579.000       1.1940
 580.000       1.2415
 581.000       1.6358
 582.000       2.6144
 583.000       3.7128
 584.000       2.9925
 585.000       2.6232
 586.000       2.4054
 587.000       1.6023
 588.000       1.0451
 589.000       1.0760
 590.000       1.5774
 591.000       2.1127
 592.000       2.5004
 593.000       3.1751
 594.000       4.0186
 595.000       5.0018
 596.000       5.8025
 597.000       7.0252
 598.000       9.1608
 599.000       8.3320
 600.000       7.7672
 601.000       7.0717
 602.000       6.5033
 603.000       6.2537
 604.000       6.1231
 605.000       5.7335
 606.000       5.3153
 607.000       5.3039
 608.000       5.5593
 609.000       5.2247
 610.000       5.1834
 611.000       4.8025
 612.000       4.1750
 613.000       3.7476
 614.000       3.4700
 615.000       3.3436
 616.000       3.2378
 617.000       3.6001
 618.000       3.8848
 619.000       4.2571
 620.000       4.7342
 621.000       5.1860
 622.000       5.7704
 623.000       6.2065
 624.000       6.9156
 625.000       7.5515
 626.000       7.5629
 627.000       7.6622
 628.000       7.4155
 629.000       7.3067
 630.000       7.1950
 631.000       7.1500
 632.000       6.5565
 633.000       6.5147
 634.000       6.8484
 635.000       6.7354
 636.000       6.5133
 637.000       6.3581
 638.000       6.3471
 639.000       5.9667
 640.000       5.6180
 641.000       5.7880
 642.000       5.8186
 643.000       5.6646
 644.000       6.0237
 645.000       6.0824
 646.000       6.6263
 647.000       6.6249
 648.000       6.9006
 649.000       6.9933
 650.000       7.4228
 651.000       7.2658
 652.000       6.9096
 653.000       7.6485
 654.000       7.7287
 655.000       7.3705
 656.000       7.2363
 657.000       6.9216
 658.000       6.8122
 659.000       6.3614
 660.000       5.9181
 661.000       5.4092
 662.000       4.9920
 663.000       4.5049
 664.000       4.1409
 665.000       3.8771
 666.000       3.5153
 667.000       3.4433
 668.000       3.4304
 669.000       3.9083
 670.000       3.8976
 671.000       3.8449
 672.000       4.2980
 673.000       4.7508
 674.000       4.5104
 675.000       4.5103
 676.000       4.7211
 677.000       5.1029
 678.000       5.0827
 679.000       4.6949
 680.000       4.3531
 681.000       3.7298
 682.000       3.4251
 683.000       3.3528
 684.000       3.5819
 685.000       3.4938
 686.000       3.2327
 687.000       3.4186
 688.000       3.8864
 689.000       4.1168
 690.000       4.4646
 691.000       4.9787
 692.000       5.4573
 693.000       5.7919
 694.000       5.7190
 695.000       5.8209
 696.000       5.7113
 697.000       5.3679
 698.000       5.1473
 699.000       4.9322
 700.000       4.8726
 701.000       4.6911
 702.000       4.7393
 703.000       4.4411
 704.000       4.4304
 705.000       4.8789
 706.000       4.6001
 707.000       3.9962
 708.000       4.0948
 709.000       4.2935
 710.000       4.9768
 711.000       5.5598
 712.000       5.0655
 713.000       4.8570
 714.000       3.7799
 715.000       3.3967
 716.000       2.9541
 717.000       2.8297
 718.000       2.5231
 719.000       2.5096
 720.000       2.2758
 721.000       2.6444
 722.000       3.1152
 723.000       3.7016
 724.000       3.8300
 725.000       3.9296
 726.000       3.9509
 727.000       4.3184
 728.000       4.6394
 729.000       4.6163
 730.000       4.2358
 731.000       4.1689
 732.000       3.8545
 733.000       4.1710
 734.000       3.8683
 735.000       4.0656
 736.000       3.8664
 737.000       3.4656
 738.000       3.0101
 739.000       3.2315
 740.000       3.4278
 741.000       4.2739
 742.000       5.1681
 743.000       4.7942
 744.000       4.8719
 745.000       4.4844
 746.000       5.1327
 747.000       5.2998
 748.000       4.8142
 749.000       4.7323
 750.000       4.1140
 751.000       3.4201
 752.000       2.9204
 753.000       2.7949
 754.000       2.6515
 755.000       2.5632
 756.000       2.5324
 757.000       2.4865
 758.000       2.3602
 759.000       2.3616
 760.000       2.6332
 761.000       2.7539
 762.000       3.2013
 763.000       3.6093
 764.000       4.2819
 765.000       4.2529
 766.000       4.0162
 767.000       4.1282
 768.000       4.4035
 769.000       3.9170
 770.000       3.4819
 771.000       3.6805
 772.000       3.8430
 773.000       3.9478
 774.000       4.2648
 775.000       4.2981
 776.000       4.6560
 777.000       4.7875
 778.000       5.2973
 779.000       5.5523
 780.000       6.0909
 781.000       6.4705
 782.000       7.0371
 783.000       7.5293
 784.000       8.3472
 785.000       7.8986
 786.000       7.7420
 787.000       7.6050
 788.000       7.3553
 789.000       7.0812
 790.000       7.5446
 791.000       8.2988
