#Res        AtomicFlx
   1.000       3.6923
   2.000       3.3040
   3.000       2.9924
   4.000       2.9830
   5.000       2.8730
   6.000       2.4796
   7.000       2.2743
   8.000       2.3078
   9.000       2.1372
  10.000       1.8080
  11.000       1.7472
  12.000       1.8649
  13.000       1.7405
  14.000       1.5057
  15.000       1.6092
  16.000       1.7100
  17.000       1.5091
  18.000       1.2467
  19.000       1.1929
  20.000       1.4251
  21.000       1.5074
  22.000       1.3336
  23.000       1.4364
  24.000       1.8901
  25.000       1.9134
  26.000       1.6816
  27.000       2.0250
  28.000       2.4811
  29.000       2.3302
  30.000       2.2064
  31.000       2.8023
  32.000       3.0678
  33.000       2.7459
  34.000       3.0342
  35.000       3.7983
  36.000       4.6353
  37.000       4.7651
  38.000       5.0082
  39.000       4.6671
  40.000       3.9618
  41.000       3.9922
  42.000       4.0458
  43.000       3.4867
  44.000       3.0803
  45.000       3.3286
  46.000       3.1350
  47.000       2.6416
  48.000       2.6244
  49.000       2.6464
  50.000       2.2622
  51.000       2.0143
  52.000       2.2510
  53.000       2.0937
  54.000       1.7170
  55.000       1.8787
  56.000       2.1045
  57.000       1.8553
  58.000       1.7284
  59.000       2.1035
  60.000       2.2626
  61.000       2.1210
  62.000       2.3036
  63.000       2.6732
  64.000       2.7204
  65.000       2.7888
  66.000       3.1959
  67.000       3.4187
  68.000       3.9140
  69.000       3.7735
  70.000       3.5659
  71.000       3.8104
  72.000       3.4311
  73.000       3.2932
  74.000       2.8458
  75.000       2.6302
  76.000       2.8266
  77.000       2.6442
  78.000       2.1982
  79.000       2.3253
  80.000       2.6372
  81.000       2.4049
  82.000       2.2153
  83.000       2.6347
  84.000       2.9520
  85.000       2.9828
  86.000       3.7185
  87.000       3.7278
  88.000       3.5249
  89.000       2.6684
  90.000       2.0964
  91.000       2.0120
  92.000       2.1145
  93.000       2.0525
  94.000       1.8537
  95.000       1.8652
  96.000       1.9279
  97.000       1.7924
  98.000       1.7201
  99.000       1.8214
 100.000       1.8263
 101.000       1.6655
 102.000       1.6778
 103.000       1.7907
 104.000       1.7176
 105.000       1.5766
 106.000       1.7085
 107.000       1.8373
 108.000       1.7729
 109.000       1.7612
 110.000       2.0201
 111.000       2.1815
 112.000       2.1286
 113.000       2.4529
 114.000       2.5507
 115.000       3.0131
 116.000       3.7334
 117.000       4.6844
 118.000       5.3494
 119.000       4.9464
 120.000       5.5957
 121.000       4.8249
 122.000       3.9220
 123.000       3.1953
 124.000       2.7026
 125.000       2.6440
 126.000       2.1717
 127.000       3.1760
 128.000       3.2159
 129.000       2.6172
 130.000       2.1183
 131.000       2.1397
 132.000       2.4793
 133.000       2.4113
 134.000       2.2255
 135.000       2.4834
 136.000       2.7118
 137.000       2.5498
 138.000       2.7407
 139.000       2.5827
 140.000       2.3209
 141.000       2.3674
 142.000       2.2214
 143.000       1.8117
 144.000       1.6783
 145.000       1.7776
 146.000       1.6170
 147.000       1.2842
 148.000       1.3854
 149.000       1.6576
 150.000       1.5429
 151.000       1.4161
 152.000       1.9017
 153.000       2.0775
 154.000       1.6817
 155.000       1.7520
 156.000       1.7436
 157.000       1.6804
 158.000       1.4862
 159.000       1.4295
 160.000       1.5276
 161.000       1.4567
 162.000       1.3435
 163.000       1.4177
 164.000       1.4472
 165.000       1.3599
 166.000       1.2885
 167.000       1.3956
 168.000       1.4376
 169.000       1.3191
 170.000       1.3414
 171.000       1.5499
 172.000       1.5399
 173.000       1.3825
 174.000       1.6364
 175.000       1.8862
 176.000       1.8030
 177.000       1.6286
 178.000       1.3819
 179.000       1.4034
 180.000       1.1643
 181.000       1.1168
 182.000       0.9956
 183.000       0.9823
 184.000       1.0478
 185.000       1.0356
 186.000       0.9066
 187.000       0.9974
 188.000       0.9921
 189.000       0.8590
 190.000       0.9428
 191.000       1.0298
 192.000       1.4558
 193.000       1.8742
 194.000       1.5896
 195.000       1.9315
 196.000       1.6734
 197.000       1.1341
 198.000       1.1131
 199.000       0.9873
 200.000       0.9995
 201.000       1.0562
 202.000       1.2327
 203.000       1.1201
 204.000       0.9893
 205.000       1.1226
 206.000       1.1299
 207.000       0.9300
 208.000       0.8263
 209.000       0.9134
 210.000       0.9366
 211.000       0.8098
 212.000       0.7660
 213.000       0.8083
 214.000       0.8062
 215.000       0.7368
 216.000       0.7668
 217.000       0.8092
 218.000       0.7157
 219.000       0.6499
 220.000       0.6903
 221.000       0.7184
 222.000       0.6908
 223.000       0.7239
 224.000       0.8016
 225.000       0.8398
 226.000       0.9020
 227.000       0.9570
 228.000       1.0779
 229.000       1.1885
 230.000       1.2683
 231.000       1.4012
 232.000       1.6990
 233.000       1.8374
 234.000       1.8147
 235.000       2.2860
 236.000       2.1693
 237.000       1.6369
 238.000       1.3323
 239.000       1.2706
 240.000       1.2175
 241.000       1.0699
 242.000       0.9745
 243.000       0.9602
 244.000       0.9058
 245.000       1.0165
 246.000       1.1061
 247.000       1.2508
 248.000       1.3973
 249.000       1.4436
 250.000       1.8534
 251.000       1.3723
 252.000       1.6421
 253.000       1.8290
 254.000       1.5103
 255.000       1.3586
 256.000       1.0358
 257.000       0.9309
 258.000       1.2437
 259.000       1.3036
 260.000       1.4340
 261.000       2.0099
 262.000       2.6195
 263.000       2.7704
 264.000       2.7994
 265.000       2.3667
 266.000       2.5825
 267.000       2.1744
 268.000       2.3476
 269.000       2.6759
 270.000       2.4560
 271.000       2.3551
 272.000       2.7328
 273.000       2.8856
 274.000       2.1166
 275.000       1.5949
 276.000       1.7219
 277.000       1.8912
 278.000       1.7971
 279.000       1.7309
 280.000       2.0157
 281.000       2.1878
 282.000       2.0645
 283.000       2.0338
 284.000       1.7883
 285.000       1.6564
 286.000       1.5571
 287.000       1.4558
 288.000       1.3366
 289.000       1.2023
 290.000       1.2082
 291.000       1.2099
 292.000       1.1300
 293.000       1.0520
 294.000       1.0792
 295.000       1.0519
 296.000       0.9401
 297.000       1.0340
 298.000       1.1587
 299.000       1.1670
 300.000       1.3475
 301.000       1.4550
 302.000       1.2264
 303.000       1.3495
 304.000       1.5658
 305.000       1.8031
 306.000       2.0281
 307.000       2.3635
 308.000       1.7344
 309.000       1.3614
 310.000       1.4774
 311.000       1.5886
 312.000       1.4565
 313.000       1.3891
 314.000       1.4099
 315.000       1.6615
 316.000       2.0312
 317.000       2.5647
 318.000       3.8857
 319.000       4.4264
 320.000       4.8178
 321.000       5.5992
 322.000       5.0369
 323.000       4.5698
 324.000       3.5802
 325.000       2.7571
 326.000       1.8803
 327.000       1.5195
 328.000       1.2323
 329.000       1.1221
 330.000       1.0432
 331.000       1.0140
 332.000       0.9953
 333.000       1.0603
 334.000       1.1576
 335.000       1.3689
 336.000       1.3784
 337.000       1.1464
 338.000       1.0487
 339.000       1.0375
 340.000       1.1335
 341.000       1.2079
 342.000       1.6364
 343.000       1.5634
 344.000       1.6051
 345.000       1.8786
 346.000       1.5923
 347.000       1.3707
 348.000       1.2720
 349.000       1.2398
 350.000       1.1050
 351.000       1.0477
 352.000       1.0267
 353.000       0.9956
 354.000       0.9368
 355.000       0.8724
 356.000       0.8621
 357.000       0.8653
 358.000       0.8442
 359.000       0.8258
 360.000       0.8123
 361.000       0.8244
 362.000       0.8446
 363.000       0.7564
 364.000       0.8331
 365.000       0.9465
 366.000       0.9690
 367.000       1.0536
 368.000       1.2602
 369.000       1.6118
 370.000       1.3344
 371.000       1.3344
 372.000       1.3145
 373.000       1.5842
 374.000       1.6121
 375.000       1.6913
 376.000       2.3675
 377.000       2.7091
 378.000       1.7317
 379.000       0.8819
 380.000       0.8907
 381.000       0.8653
 382.000       0.8129
 383.000       0.8462
 384.000       0.8019
 385.000       0.7374
 386.000       0.8475
 387.000       0.8652
 388.000       0.8369
 389.000       0.8275
 390.000       0.8425
 391.000       0.8878
 392.000       0.9371
 393.000       0.9980
 394.000       0.9674
 395.000       1.0331
 396.000       0.9925
 397.000       1.0302
 398.000       1.0436
 399.000       1.0165
 400.000       1.0850
 401.000       1.2378
 402.000       1.3646
 403.000       1.4524
 404.000       1.5939
 405.000       1.5522
 406.000       1.4669
 407.000       1.8716
 408.000       2.4394
 409.000       2.8415
 410.000       2.6565
 411.000       2.3420
 412.000       1.6937
 413.000       1.4145
 414.000       1.3478
 415.000       1.1852
 416.000       1.0695
 417.000       0.9575
 418.000       0.8665
 419.000       0.8751
 420.000       0.8323
 421.000       0.7451
 422.000       0.7419
 423.000       0.7930
 424.000       0.7556
 425.000       0.7047
 426.000       0.7597
 427.000       0.8186
 428.000       0.7356
 429.000       0.7941
 430.000       0.9922
 431.000       0.7883
 432.000       0.7710
 433.000       0.8330
 434.000       0.8264
 435.000       0.8446
 436.000       0.8228
 437.000       0.8362
 438.000       0.8136
 439.000       0.7632
 440.000       0.8390
 441.000       0.8735
 442.000       0.8880
 443.000       0.9427
 444.000       1.0142
 445.000       1.0523
 446.000       1.0913
 447.000       1.1953
 448.000       1.3281
 449.000       1.4443
 450.000       1.5209
 451.000       1.5388
 452.000       1.4908
 453.000       1.4456
 454.000       1.2228
 455.000       1.1477
 456.000       1.0816
 457.000       1.1044
 458.000       1.0145
 459.000       0.9409
 460.000       0.9698
 461.000       0.9220
 462.000       0.8780
 463.000       0.8816
 464.000       0.9128
 465.000       0.9895
 466.000       0.9398
 467.000       0.8666
 468.000       0.7802
 469.000       1.0577
 470.000       1.0611
 471.000       1.1621
 472.000       1.3880
 473.000       1.4694
 474.000       1.6992
 475.000       1.6084
 476.000       1.6274
 477.000       1.6904
 478.000       1.6540
 479.000       1.6176
 480.000       1.2476
 481.000       1.2068
 482.000       1.2683
 483.000       1.2690
 484.000       1.3720
 485.000       1.6036
 486.000       1.4819
 487.000       2.0293
 488.000       2.4418
 489.000       2.3320
 490.000       1.7282
 491.000       1.3327
 492.000       1.0877
 493.000       1.1839
 494.000       0.7942
 495.000       0.7434
 496.000       0.7295
 497.000       0.6926
 498.000       0.6460
 499.000       0.6391
 500.000       0.6983
 501.000       0.7940
 502.000       0.7555
 503.000       0.7138
 504.000       0.6976
 505.000       0.7162
 506.000       0.7047
 507.000       0.7069
 508.000       0.7413
 509.000       0.7950
 510.000       0.8330
 511.000       0.8022
 512.000       0.8462
 513.000       0.9776
 514.000       1.0476
 515.000       1.0978
 516.000       1.1937
 517.000       1.2156
 518.000       1.7703
 519.000       1.5852
 520.000       1.2072
 521.000       0.9373
 522.000       0.9861
 523.000       0.9889
 524.000       0.9305
 525.000       0.9162
 526.000       0.9868
 527.000       1.4775
 528.000       1.5041
 529.000       1.4966
 530.000       1.4264
 531.000       1.2629
 532.000       1.1331
 533.000       1.2971
 534.000       1.2008
 535.000       1.1250
 536.000       1.2482
 537.000       1.2133
 538.000       1.3750
 539.000       1.5237
 540.000       1.2594
 541.000       1.5345
 542.000       2.0682
 543.000       2.0940
 544.000       1.8926
 545.000       1.7139
 546.000       1.2018
 547.000       0.9417
 548.000       0.8214
 549.000       0.8251
 550.000       0.9178
 551.000       0.9226
 552.000       0.8879
 553.000       1.0208
 554.000       1.1241
 555.000       0.9861
 556.000       1.0349
 557.000       1.2064
 558.000       1.0916
 559.000       1.0574
 560.000       1.0234
 561.000       0.9759
 562.000       0.8799
 563.000       0.8899
 564.000       0.8578
 565.000       0.7682
 566.000       0.7566
 567.000       0.8572
 568.000       0.8994
 569.000       0.8146
 570.000       0.8094
 571.000       0.9178
 572.000       0.9487
 573.000       0.8481
 574.000       0.8498
 575.000       1.0000
 576.000       1.0076
 577.000       0.9387
 578.000       1.1164
 579.000       1.3380
 580.000       1.3891
 581.000       1.4337
 582.000       1.8502
 583.000       2.0350
 584.000       1.5106
 585.000       1.3556
 586.000       1.1245
 587.000       1.0502
 588.000       0.9949
 589.000       1.2224
 590.000       1.8300
 591.000       2.5032
 592.000       2.9839
 593.000       3.6729
 594.000       5.0977
 595.000       6.4265
 596.000       7.6444
 597.000       9.3761
 598.000      10.8414
 599.000       9.8037
 600.000       9.1894
 601.000       8.4487
 602.000       7.8306
 603.000       7.3110
 604.000       7.2189
 605.000       6.9401
 606.000       6.3417
 607.000       6.3409
 608.000       6.2247
 609.000       5.9886
 610.000       5.6194
 611.000       4.9656
 612.000       4.6950
 613.000       4.6776
 614.000       4.3788
 615.000       4.3300
 616.000       4.4621
 617.000       4.9259
 618.000       5.4221
 619.000       5.9471
 620.000       6.4149
 621.000       6.8509
 622.000       7.4326
 623.000       7.8365
 624.000       8.3759
 625.000       8.9300
 626.000       9.1262
 627.000       9.3502
 628.000       9.1455
 629.000       8.9681
 630.000       8.5092
 631.000       8.4355
 632.000       7.8547
 633.000       7.1530
 634.000       7.1623
 635.000       7.0430
 636.000       6.2498
 637.000       5.8706
 638.000       5.5525
 639.000       5.9138
 640.000       5.7876
 641.000       5.8308
 642.000       6.1368
 643.000       6.1790
 644.000       6.7142
 645.000       7.1353
 646.000       7.8622
 647.000       7.7874
 648.000       8.0028
 649.000       7.9913
 650.000       8.4516
 651.000       8.5656
 652.000       8.4091
 653.000       8.8362
 654.000       9.2482
 655.000       9.0417
 656.000       9.2498
 657.000       8.9440
 658.000       8.9722
 659.000       8.3563
 660.000       7.6957
 661.000       7.0214
 662.000       6.5520
 663.000       6.0066
 664.000       5.5737
 665.000       4.8411
 666.000       4.2319
 667.000       3.6977
 668.000       3.3230
 669.000       3.3438
 670.000       3.4747
 671.000       3.9324
 672.000       4.4663
 673.000       4.5940
 674.000       4.3520
 675.000       4.7318
 676.000       5.2569
 677.000       6.0548
 678.000       6.1637
 679.000       5.4168
 680.000       5.6753
 681.000       4.6885
 682.000       3.3975
 683.000       3.6513
 684.000       4.9869
 685.000       4.7616
 686.000       4.0451
 687.000       4.3404
 688.000       4.7829
 689.000       5.3745
 690.000       5.7800
 691.000       6.4064
 692.000       6.9665
 693.000       7.4375
 694.000       7.1763
 695.000       7.3497
 696.000       6.9596
 697.000       6.4293
 698.000       5.8713
 699.000       5.5312
 700.000       4.9161
 701.000       4.4386
 702.000       3.9866
 703.000       3.7624
 704.000       3.3707
 705.000       3.7864
 706.000       3.9964
 707.000       3.6000
 708.000       3.2755
 709.000       3.0553
 710.000       3.1165
 711.000       2.9790
 712.000       2.8246
 713.000       2.8677
 714.000       3.0794
 715.000       3.5331
 716.000       3.3582
 717.000       3.5209
 718.000       3.2467
 719.000       3.2797
 720.000       3.0147
 721.000       3.2179
 722.000       3.6804
 723.000       4.3119
 724.000       4.7099
 725.000       5.2728
 726.000       5.3191
 727.000       5.8046
 728.000       6.1293
 729.000       6.0890
 730.000       5.7637
 731.000       5.4186
 732.000       4.9205
 733.000       4.7828
 734.000       4.4052
 735.000       3.8044
 736.000       3.3681
 737.000       3.0689
 738.000       2.8107
 739.000       3.0370
 740.000       3.2102
 741.000       3.7276
 742.000       4.5603
 743.000       4.4262
 744.000       4.6595
 745.000       4.5613
 746.000       5.5314
 747.000       5.4774
 748.000       4.6504
 749.000       3.5562
 750.000       2.8841
 751.000       2.4927
 752.000       2.5761
 753.000       2.5550
 754.000       2.5256
 755.000       2.5862
 756.000       2.8885
 757.000       2.8475
 758.000       2.8222
 759.000       2.6573
 760.000       2.6276
 761.000       2.2529
 762.000       2.4521
 763.000       2.2142
 764.000       2.3443
 765.000       1.8943
 766.000       1.9328
 767.000       2.1194
 768.000       2.8514
 769.000       2.7002
 770.000       2.4243
 771.000       2.7599
 772.000       3.2663
 773.000       3.9540
 774.000       4.6051
 775.000       5.0909
 776.000       5.6631
 777.000       6.0909
 778.000       6.6507
 779.000       7.1269
 780.000       7.7110
 781.000       8.3884
 782.000       9.1248
 783.000       9.7036
 784.000      10.6393
 785.000      10.4302
 786.000      10.0947
 787.000       9.5702
 788.000       9.2693
 789.000       8.9814
 790.000       9.3975
 791.000       9.8085
