#Res        AtomicFlx
   1.000       3.2111
   2.000       3.5009
   3.000       3.0782
   4.000       2.9710
   5.000       3.0400
   6.000       2.6847
   7.000       2.2664
   8.000       2.3359
   9.000       2.4087
  10.000       2.0380
  11.000       1.8543
  12.000       2.1564
  13.000       2.2285
  14.000       1.9469
  15.000       1.9819
  16.000       2.1850
  17.000       2.2091
  18.000       1.9229
  19.000       1.8627
  20.000       2.1609
  21.000       2.1989
  22.000       1.9412
  23.000       2.0877
  24.000       2.4878
  25.000       2.3937
  26.000       2.1738
  27.000       2.5133
  28.000       2.8477
  29.000       2.6387
  30.000       2.5485
  31.000       3.0667
  32.000       3.2323
  33.000       2.9130
  34.000       3.1847
  35.000       3.6610
  36.000       4.1111
  37.000       4.1897
  38.000       4.2804
  39.000       4.0874
  40.000       3.6477
  41.000       3.5212
  42.000       3.4937
  43.000       3.2672
  44.000       3.0534
  45.000       2.9912
  46.000       2.8716
  47.000       2.7394
  48.000       2.6205
  49.000       2.4721
  50.000       2.3570
  51.000       2.2270
  52.000       2.1372
  53.000       2.0008
  54.000       1.8267
  55.000       1.7103
  56.000       1.7002
  57.000       1.7087
  58.000       1.5774
  59.000       1.6327
  60.000       1.8275
  61.000       1.8354
  62.000       1.8280
  63.000       2.0929
  64.000       2.3475
  65.000       2.4497
  66.000       2.8928
  67.000       3.0152
  68.000       3.5571
  69.000       3.5167
  70.000       3.2695
  71.000       3.4925
  72.000       3.0967
  73.000       2.9345
  74.000       2.5274
  75.000       2.2987
  76.000       2.4244
  77.000       2.2896
  78.000       1.8584
  79.000       1.8742
  80.000       2.1274
  81.000       1.9709
  82.000       1.7475
  83.000       2.0533
  84.000       2.2920
  85.000       2.2423
  86.000       2.4484
  87.000       2.5810
  88.000       2.5258
  89.000       2.1812
  90.000       1.9679
  91.000       1.9502
  92.000       1.9777
  93.000       1.7284
  94.000       1.4870
  95.000       1.6548
  96.000       1.6922
  97.000       1.4540
  98.000       1.4624
  99.000       1.6882
 100.000       1.6728
 101.000       1.4228
 102.000       1.5442
 103.000       1.7667
 104.000       1.6720
 105.000       1.5580
 106.000       1.7760
 107.000       1.8864
 108.000       1.8015
 109.000       1.8689
 110.000       2.0908
 111.000       2.1449
 112.000       2.2914
 113.000       3.0312
 114.000       3.3983
 115.000       4.7330
 116.000       5.3232
 117.000       7.0254
 118.000       7.6107
 119.000       6.9498
 120.000       7.7578
 121.000       6.7860
 122.000       5.2479
 123.000       4.0458
 124.000       2.8321
 125.000       2.3216
 126.000       1.8432
 127.000       2.3314
 128.000       2.3545
 129.000       2.2547
 130.000       1.7973
 131.000       1.6477
 132.000       1.9295
 133.000       2.0099
 134.000       1.8620
 135.000       1.8892
 136.000       2.1441
 137.000       2.1856
 138.000       2.4666
 139.000       2.4553
 140.000       2.3089
 141.000       2.3315
 142.000       2.1705
 143.000       1.8611
 144.000       1.7895
 145.000       1.8614
 146.000       1.6884
 147.000       1.4323
 148.000       1.5268
 149.000       1.6319
 150.000       1.5244
 151.000       1.4965
 152.000       1.6902
 153.000       1.6041
 154.000       1.5010
 155.000       1.4274
 156.000       1.5426
 157.000       1.5465
 158.000       1.3616
 159.000       1.2393
 160.000       1.2713
 161.000       1.2325
 162.000       1.0909
 163.000       1.0583
 164.000       1.0571
 165.000       1.0327
 166.000       0.9500
 167.000       0.9568
 168.000       1.0160
 169.000       0.9997
 170.000       1.0036
 171.000       1.0927
 172.000       1.1660
 173.000       1.2036
 174.000       1.3316
 175.000       1.4793
 176.000       1.5830
 177.000       1.6037
 178.000       1.3866
 179.000       1.3647
 180.000       1.1209
 181.000       1.0479
 182.000       1.1764
 183.000       1.2612
 184.000       1.3605
 185.000       1.3471
 186.000       1.2093
 187.000       1.3056
 188.000       1.2305
 189.000       1.1418
 190.000       1.2514
 191.000       1.3073
 192.000       1.8066
 193.000       2.4401
 194.000       2.7580
 195.000       2.5368
 196.000       1.9743
 197.000       1.4123
 198.000       1.3700
 199.000       1.2243
 200.000       1.2200
 201.000       1.3059
 202.000       1.4708
 203.000       1.2870
 204.000       1.1348
 205.000       1.2577
 206.000       1.2055
 207.000       0.9897
 208.000       0.8953
 209.000       0.9571
 210.000       0.9543
 211.000       0.7936
 212.000       0.7235
 213.000       0.7746
 214.000       0.7939
 215.000       0.7080
 216.000       0.7118
 217.000       0.7427
 218.000       0.6557
 219.000       0.6055
 220.000       0.6428
 221.000       0.6504
 222.000       0.6530
 223.000       0.6987
 224.000       0.7761
 225.000       0.8039
 226.000       0.8817
 227.000       0.9561
 228.000       1.0685
 229.000       1.1792
 230.000       1.2752
 231.000       1.4086
 232.000       1.6363
 233.000       1.7942
 234.000       1.7617
 235.000       1.9691
 236.000       2.0468
 237.000       1.8083
 238.000       1.5020
 239.000       1.3994
 240.000       1.2928
 241.000       1.1645
 242.000       1.0802
 243.000       1.0761
 244.000       1.1266
 245.000       1.4242
 246.000       1.6470
 247.000       1.5158
 248.000       1.3959
 249.000       1.4165
 250.000       1.2977
 251.000       1.0145
 252.000       1.0501
 253.000       0.9695
 254.000       1.0285
 255.000       1.0417
 256.000       1.0132
 257.000       1.0187
 258.000       1.2168
 259.000       1.2662
 260.000       1.1905
 261.000       1.4402
 262.000       2.3949
 263.000       2.6646
 264.000       2.6106
 265.000       2.6229
 266.000       3.9729
 267.000       4.4949
 268.000       4.6724
 269.000       4.1848
 270.000       3.5121
 271.000       3.8138
 272.000       3.4143
 273.000       2.9286
 274.000       2.1182
 275.000       1.7670
 276.000       1.8289
 277.000       1.9860
 278.000       1.9026
 279.000       1.7959
 280.000       2.0358
 281.000       2.1728
 282.000       2.0326
 283.000       2.0133
 284.000       1.8387
 285.000       1.7560
 286.000       1.6815
 287.000       1.6485
 288.000       1.4946
 289.000       1.3207
 290.000       1.2539
 291.000       1.2935
 292.000       1.2250
 293.000       1.1986
 294.000       1.1714
 295.000       1.1307
 296.000       1.0676
 297.000       1.1452
 298.000       1.2288
 299.000       1.2450
 300.000       1.2897
 301.000       1.4525
 302.000       1.3584
 303.000       1.4974
 304.000       1.6304
 305.000       1.7077
 306.000       1.9790
 307.000       2.4531
 308.000       1.8682
 309.000       1.5266
 310.000       1.7694
 311.000       1.8812
 312.000       1.6857
 313.000       1.6356
 314.000       1.6078
 315.000       1.7820
 316.000       1.8859
 317.000       2.1674
 318.000       2.5582
 319.000       3.0775
 320.000       3.2159
 321.000       3.2889
 322.000       3.8648
 323.000       4.4597
 324.000       3.6790
 325.000       3.4603
 326.000       2.1754
 327.000       1.7495
 328.000       1.4642
 329.000       1.3220
 330.000       1.2298
 331.000       1.3115
 332.000       1.3858
 333.000       1.5680
 334.000       1.6708
 335.000       1.8434
 336.000       1.8728
 337.000       1.6281
 338.000       1.4559
 339.000       1.3483
 340.000       1.3588
 341.000       1.4658
 342.000       1.5636
 343.000       1.7805
 344.000       1.8418
 345.000       1.9108
 346.000       1.5567
 347.000       1.3899
 348.000       1.2894
 349.000       1.2449
 350.000       1.1576
 351.000       1.0598
 352.000       0.9773
 353.000       0.9596
 354.000       0.9260
 355.000       0.8117
 356.000       0.7768
 357.000       0.7974
 358.000       0.7639
 359.000       0.7498
 360.000       0.8322
 361.000       0.9065
 362.000       0.8825
 363.000       0.8618
 364.000       1.0434
 365.000       1.2517
 366.000       1.3753
 367.000       1.6303
 368.000       2.5556
 369.000       2.3450
 370.000       2.1034
 371.000       1.9687
 372.000       1.9553
 373.000       2.0369
 374.000       2.2602
 375.000       2.4923
 376.000       3.3208
 377.000       3.3168
 378.000       2.1547
 379.000       1.3536
 380.000       1.2108
 381.000       1.0257
 382.000       1.0844
 383.000       1.2735
 384.000       1.0923
 385.000       0.8713
 386.000       0.9796
 387.000       0.9085
 388.000       0.9002
 389.000       0.9063
 390.000       0.9142
 391.000       0.9514
 392.000       0.9976
 393.000       1.1140
 394.000       1.0663
 395.000       1.1151
 396.000       1.0858
 397.000       1.1228
 398.000       1.1452
 399.000       1.1170
 400.000       1.1601
 401.000       1.2688
 402.000       1.3768
 403.000       1.4314
 404.000       1.5419
 405.000       1.5195
 406.000       1.5389
 407.000       1.9721
 408.000       2.6298
 409.000       2.8570
 410.000       2.4896
 411.000       2.4098
 412.000       1.7662
 413.000       1.5416
 414.000       1.4242
 415.000       1.3264
 416.000       1.1927
 417.000       0.9892
 418.000       0.8884
 419.000       0.9061
 420.000       0.8451
 421.000       0.7698
 422.000       0.7641
 423.000       0.8057
 424.000       0.7698
 425.000       0.7123
 426.000       0.7668
 427.000       0.8221
 428.000       0.7459
 429.000       0.7057
 430.000       0.7757
 431.000       0.7655
 432.000       0.7271
 433.000       0.6950
 434.000       0.7187
 435.000       0.7808
 436.000       0.7278
 437.000       0.7013
 438.000       0.7406
 439.000       0.7442
 440.000       0.7402
 441.000       0.7143
 442.000       0.7694
 443.000       0.8611
 444.000       0.8675
 445.000       0.8435
 446.000       1.0416
 447.000       1.2286
 448.000       1.2488
 449.000       1.4874
 450.000       1.4542
 451.000       1.3785
 452.000       1.3189
 453.000       1.3556
 454.000       1.1412
 455.000       1.0899
 456.000       1.1660
 457.000       1.1238
 458.000       0.9449
 459.000       0.8622
 460.000       0.9639
 461.000       0.9491
 462.000       0.8325
 463.000       0.8181
 464.000       0.9045
 465.000       0.9114
 466.000       0.7883
 467.000       0.7588
 468.000       0.8181
 469.000       0.9280
 470.000       1.2831
 471.000       1.5665
 472.000       1.8277
 473.000       1.7299
 474.000       1.9349
 475.000       1.7360
 476.000       1.8476
 477.000       2.2526
 478.000       2.0775
 479.000       1.5143
 480.000       1.2193
 481.000       1.1425
 482.000       1.2345
 483.000       1.3256
 484.000       1.4919
 485.000       1.4722
 486.000       1.7956
 487.000       1.9218
 488.000       2.6822
 489.000       2.8641
 490.000       2.1134
 491.000       1.7819
 492.000       1.3048
 493.000       1.3526
 494.000       0.9040
 495.000       0.8945
 496.000       0.8731
 497.000       0.8160
 498.000       0.7586
 499.000       0.7493
 500.000       0.7778
 501.000       0.8148
 502.000       0.7648
 503.000       0.7567
 504.000       0.7507
 505.000       0.7709
 506.000       0.7981
 507.000       0.8271
 508.000       0.8795
 509.000       0.9366
 510.000       0.9529
 511.000       0.9572
 512.000       1.0403
 513.000       1.1213
 514.000       1.1703
 515.000       1.2726
 516.000       1.3766
 517.000       1.3987
 518.000       1.8782
 519.000       1.7047
 520.000       1.3506
 521.000       1.1191
 522.000       1.1337
 523.000       1.2139
 524.000       1.1889
 525.000       1.1951
 526.000       1.3010
 527.000       1.5740
 528.000       1.6041
 529.000       1.4497
 530.000       1.3801
 531.000       1.2571
 532.000       1.1772
 533.000       1.2577
 534.000       1.2298
 535.000       1.2680
 536.000       1.4123
 537.000       1.3786
 538.000       1.6496
 539.000       1.8302
 540.000       1.6192
 541.000       1.8364
 542.000       2.4954
 543.000       4.1472
 544.000       4.4533
 545.000       2.6950
 546.000       1.6427
 547.000       1.3028
 548.000       1.1626
 549.000       1.0974
 550.000       1.2076
 551.000       1.2274
 552.000       1.1521
 553.000       1.2692
 554.000       1.4064
 555.000       1.2604
 556.000       1.2093
 557.000       1.3679
 558.000       1.3106
 559.000       1.4765
 560.000       1.1687
 561.000       1.0188
 562.000       0.8883
 563.000       0.8339
 564.000       0.8300
 565.000       0.8027
 566.000       0.7648
 567.000       0.8300
 568.000       0.9096
 569.000       0.8476
 570.000       0.7865
 571.000       0.8598
 572.000       0.8707
 573.000       0.7488
 574.000       0.7552
 575.000       0.8695
 576.000       0.8371
 577.000       0.8078
 578.000       0.9955
 579.000       1.1657
 580.000       1.2139
 581.000       1.3218
 582.000       1.7229
 583.000       1.8922
 584.000       1.5396
 585.000       1.1608
 586.000       1.0355
 587.000       0.9921
 588.000       1.0141
 589.000       1.2311
 590.000       1.7600
 591.000       2.3051
 592.000       2.1717
 593.000       2.6215
 594.000       3.1963
 595.000       4.2343
 596.000       5.1290
 597.000       6.6062
 598.000      11.0546
 599.000      10.1667
 600.000       9.4049
 601.000       8.8632
 602.000       8.4127
 603.000       7.8524
 604.000       7.6078
 605.000       7.5947
 606.000       6.9352
 607.000       6.5558
 608.000       6.7439
 609.000       6.7719
 610.000       6.7177
 611.000       6.6651
 612.000       5.7533
 613.000       5.2876
 614.000       4.9095
 615.000       4.8024
 616.000       4.9877
 617.000       5.5648
 618.000       5.9052
 619.000       6.3971
 620.000       7.0971
 621.000       7.6065
 622.000       8.3732
 623.000       8.7556
 624.000       9.4929
 625.000      10.0869
 626.000       9.7572
 627.000       9.4170
 628.000       8.8502
 629.000       8.2719
 630.000       7.7729
 631.000       7.6520
 632.000       7.4842
 633.000       7.4933
 634.000       7.3517
 635.000       7.1331
 636.000       6.6018
 637.000       6.1602
 638.000       5.9753
 639.000       6.1847
 640.000       5.8937
 641.000       5.7104
 642.000       6.1666
 643.000       6.4214
 644.000       7.0289
 645.000       7.5080
 646.000       8.2018
 647.000       8.0221
 648.000       8.0228
 649.000       7.8265
 650.000       8.3617
 651.000       8.6980
 652.000       8.5151
 653.000       8.9286
 654.000       9.4871
 655.000       9.4494
 656.000       9.7908
 657.000       9.6347
 658.000       9.7335
 659.000       9.0280
 660.000       8.3624
 661.000       7.6800
 662.000       7.0956
 663.000       6.3713
 664.000       5.8226
 665.000       5.1403
 666.000       4.4973
 667.000       3.9512
 668.000       3.5488
 669.000       3.5620
 670.000       3.6205
 671.000       4.0704
 672.000       4.5713
 673.000       4.8058
 674.000       4.9329
 675.000       5.3484
 676.000       5.8771
 677.000       6.4735
 678.000       6.5245
 679.000       5.8907
 680.000       5.5031
 681.000       4.8289
 682.000       4.2981
 683.000       4.6416
 684.000       5.3588
 685.000       5.1777
 686.000       4.7951
 687.000       5.0398
 688.000       5.3902
 689.000       6.0329
 690.000       6.4066
 691.000       6.9901
 692.000       7.4290
 693.000       7.9272
 694.000       7.6785
 695.000       7.8272
 696.000       7.3558
 697.000       6.7729
 698.000       6.1580
 699.000       5.7272
 700.000       5.1164
 701.000       4.6272
 702.000       4.2511
 703.000       4.1258
 704.000       3.7830
 705.000       4.2364
 706.000       4.5017
 707.000       4.1038
 708.000       3.8456
 709.000       3.7886
 710.000       3.9640
 711.000       3.6988
 712.000       3.5994
 713.000       3.6044
 714.000       3.8494
 715.000       4.2763
 716.000       4.0034
 717.000       4.1058
 718.000       3.8111
 719.000       3.8983
 720.000       3.6806
 721.000       3.8445
 722.000       4.4622
 723.000       5.0793
 724.000       5.4301
 725.000       5.8146
 726.000       5.9570
 727.000       6.4848
 728.000       6.8722
 729.000       6.7882
 730.000       6.4224
 731.000       6.2742
 732.000       5.7914
 733.000       6.0217
 734.000       6.0116
 735.000       5.2272
 736.000       4.6524
 737.000       4.2123
 738.000       3.7754
 739.000       3.8270
 740.000       3.7092
 741.000       4.2187
 742.000       5.0126
 743.000       4.9458
 744.000       5.3105
 745.000       5.3124
 746.000       6.0097
 747.000       5.2874
 748.000       4.5712
 749.000       3.4163
 750.000       3.0325
 751.000       2.6101
 752.000       3.0489
 753.000       3.2432
 754.000       3.3920
 755.000       3.4474
 756.000       3.7214
 757.000       3.5815
 758.000       3.4023
 759.000       3.2126
 760.000       3.2142
 761.000       3.0353
 762.000       3.1046
 763.000       2.8516
 764.000       2.9214
 765.000       2.5111
 766.000       2.4091
 767.000       2.4581
 768.000       2.9379
 769.000       2.9232
 770.000       2.7023
 771.000       3.0724
 772.000       3.6042
 773.000       4.1601
 774.000       4.7602
 775.000       5.3387
 776.000       5.9427
 777.000       6.4601
 778.000       7.0812
 779.000       7.7122
 780.000       8.3838
 781.000       9.1436
 782.000       9.9749
 783.000      10.6411
 784.000      11.5717
 785.000      11.4512
 786.000      11.2134
 787.000      10.7301
 788.000      10.1965
 789.000       9.5760
 790.000       9.6139
 791.000       9.6502
