#Res        AtomicFlx
   1.000       3.3636
   2.000       2.8489
   3.000       2.5446
   4.000       2.3842
   5.000       2.3106
   6.000       2.1164
   7.000       1.9172
   8.000       1.8573
   9.000       1.7811
  10.000       1.5984
  11.000       1.4811
  12.000       1.5162
  13.000       1.4640
  14.000       1.3071
  15.000       1.3258
  16.000       1.3902
  17.000       1.3969
  18.000       1.3088
  19.000       1.2910
  20.000       1.3933
  21.000       1.4069
  22.000       1.3255
  23.000       1.3909
  24.000       1.5939
  25.000       1.5912
  26.000       1.5352
  27.000       1.7340
  28.000       1.9080
  29.000       1.8851
  30.000       1.9487
  31.000       2.2247
  32.000       2.3446
  33.000       2.3155
  34.000       2.6127
  35.000       2.7599
  36.000       3.1021
  37.000       2.7782
  38.000       2.8604
  39.000       2.6685
  40.000       2.4226
  41.000       2.4367
  42.000       2.4135
  43.000       2.1877
  44.000       2.0987
  45.000       2.1866
  46.000       2.0683
  47.000       1.8596
  48.000       1.8997
  49.000       1.9527
  50.000       1.7683
  51.000       1.6445
  52.000       1.8082
  53.000       1.8063
  54.000       1.6102
  55.000       1.6495
  56.000       1.8270
  57.000       1.7850
  58.000       1.6613
  59.000       1.8541
  60.000       2.0734
  61.000       2.0273
  62.000       2.0597
  63.000       2.3873
  64.000       2.5338
  65.000       2.4896
  66.000       2.7510
  67.000       2.8491
  68.000       3.2155
  69.000       3.0920
  70.000       2.9599
  71.000       3.0163
  72.000       2.6757
  73.000       2.6543
  74.000       2.3350
  75.000       2.1231
  76.000       2.3073
  77.000       2.2346
  78.000       1.8934
  79.000       1.9508
  80.000       2.2207
  81.000       2.1034
  82.000       1.9762
  83.000       2.3716
  84.000       2.5885
  85.000       2.5328
  86.000       2.5061
  87.000       2.4806
  88.000       2.5563
  89.000       2.2087
  90.000       2.0771
  91.000       2.1501
  92.000       2.3073
  93.000       2.2943
  94.000       2.0322
  95.000       2.1058
  96.000       2.3079
  97.000       2.1564
  98.000       2.0233
  99.000       2.2333
 100.000       2.3050
 101.000       2.0857
 102.000       2.0831
 103.000       2.3235
 104.000       2.2696
 105.000       2.0711
 106.000       2.2108
 107.000       2.4054
 108.000       2.2692
 109.000       2.1852
 110.000       2.4222
 111.000       2.5856
 112.000       2.5684
 113.000       2.6506
 114.000       2.6745
 115.000       3.3001
 116.000       4.3242
 117.000       5.4977
 118.000       6.6126
 119.000       5.9797
 120.000       6.2047
 121.000       5.3783
 122.000       4.5471
 123.000       3.5236
 124.000       2.9255
 125.000       2.8169
 126.000       2.6875
 127.000       3.2440
 128.000       3.5807
 129.000       2.8720
 130.000       2.3706
 131.000       2.4924
 132.000       2.6572
 133.000       2.3525
 134.000       2.2671
 135.000       2.6284
 136.000       2.8470
 137.000       2.7303
 138.000       2.6544
 139.000       2.1323
 140.000       1.8027
 141.000       1.7883
 142.000       1.8159
 143.000       1.6139
 144.000       1.5069
 145.000       1.6750
 146.000       1.6346
 147.000       1.4244
 148.000       1.5489
 149.000       1.7242
 150.000       1.6476
 151.000       1.5989
 152.000       1.9988
 153.000       2.0999
 154.000       1.8895
 155.000       1.6246
 156.000       1.8569
 157.000       2.0276
 158.000       1.7799
 159.000       1.6548
 160.000       1.8053
 161.000       1.7273
 162.000       1.5341
 163.000       1.5337
 164.000       1.5642
 165.000       1.4728
 166.000       1.3567
 167.000       1.4426
 168.000       1.5204
 169.000       1.4205
 170.000       1.3991
 171.000       1.5790
 172.000       1.6499
 173.000       1.5463
 174.000       1.7049
 175.000       1.9877
 176.000       2.0117
 177.000       1.7924
 178.000       1.6419
 179.000       2.0149
 180.000       1.4350
 181.000       1.4483
 182.000       1.6202
 183.000       1.5419
 184.000       1.5681
 185.000       1.5444
 186.000       1.4020
 187.000       1.5057
 188.000       1.4710
 189.000       1.2516
 190.000       1.3664
 191.000       1.4407
 192.000       1.7946
 193.000       2.2299
 194.000       1.9164
 195.000       2.1955
 196.000       1.9154
 197.000       1.5318
 198.000       1.4683
 199.000       1.3897
 200.000       1.3961
 201.000       1.4241
 202.000       1.5644
 203.000       1.3459
 204.000       1.1751
 205.000       1.3008
 206.000       1.2442
 207.000       0.9993
 208.000       0.9132
 209.000       1.0125
 210.000       1.0052
 211.000       0.8618
 212.000       0.8157
 213.000       0.8568
 214.000       0.8345
 215.000       0.7740
 216.000       0.7993
 217.000       0.8386
 218.000       0.7591
 219.000       0.6869
 220.000       0.7267
 221.000       0.7506
 222.000       0.7041
 223.000       0.7033
 224.000       0.7810
 225.000       0.8276
 226.000       0.8427
 227.000       0.8743
 228.000       1.0059
 229.000       1.1177
 230.000       1.1489
 231.000       1.2690
 232.000       1.5189
 233.000       1.5876
 234.000       1.5006
 235.000       1.6564
 236.000       1.8054
 237.000       1.5595
 238.000       1.2748
 239.000       1.2458
 240.000       1.1708
 241.000       1.0595
 242.000       0.9721
 243.000       0.8905
 244.000       0.8574
 245.000       0.9019
 246.000       0.9562
 247.000       1.1471
 248.000       1.1613
 249.000       1.2691
 250.000       1.4621
 251.000       1.2992
 252.000       1.4823
 253.000       1.6919
 254.000       1.6776
 255.000       1.4713
 256.000       1.2896
 257.000       1.0656
 258.000       1.1554
 259.000       1.2642
 260.000       1.7023
 261.000       1.8208
 262.000       2.1203
 263.000       2.5618
 264.000       2.8263
 265.000       2.9608
 266.000       4.4598
 267.000       5.0485
 268.000       4.5517
 269.000       3.9245
 270.000       2.9133
 271.000       2.6642
 272.000       2.5407
 273.000       2.0124
 274.000       1.8462
 275.000       1.6194
 276.000       1.7961
 277.000       2.0903
 278.000       1.9831
 279.000       1.8819
 280.000       2.2217
 281.000       2.4220
 282.000       2.2391
 283.000       2.1683
 284.000       1.8867
 285.000       1.7039
 286.000       1.6924
 287.000       1.5585
 288.000       1.4217
 289.000       1.3296
 290.000       1.2988
 291.000       1.2982
 292.000       1.1978
 293.000       1.1843
 294.000       1.2286
 295.000       1.2074
 296.000       1.1400
 297.000       1.3559
 298.000       1.4902
 299.000       1.3910
 300.000       1.4434
 301.000       1.6964
 302.000       1.5906
 303.000       1.6752
 304.000       1.7675
 305.000       1.8370
 306.000       2.1707
 307.000       2.5330
 308.000       2.3055
 309.000       1.9927
 310.000       2.0889
 311.000       2.3658
 312.000       2.2387
 313.000       2.2481
 314.000       2.3395
 315.000       3.0474
 316.000       2.9950
 317.000       3.9296
 318.000       4.6335
 319.000       5.0342
 320.000       5.1313
 321.000       5.2590
 322.000       4.7403
 323.000       3.9504
 324.000       3.5046
 325.000       3.3800
 326.000       3.1569
 327.000       2.7827
 328.000       2.3948
 329.000       1.8949
 330.000       1.6004
 331.000       1.4340
 332.000       1.2682
 333.000       1.3233
 334.000       1.3340
 335.000       1.4484
 336.000       1.5460
 337.000       1.4654
 338.000       1.4730
 339.000       1.5828
 340.000       1.8539
 341.000       2.1044
 342.000       2.5017
 343.000       2.7960
 344.000       2.5191
 345.000       2.3337
 346.000       1.7787
 347.000       1.5146
 348.000       1.3348
 349.000       1.3054
 350.000       1.2258
 351.000       1.0892
 352.000       0.9985
 353.000       1.0249
 354.000       0.9777
 355.000       0.8716
 356.000       0.8658
 357.000       0.9686
 358.000       0.9324
 359.000       0.9816
 360.000       1.1284
 361.000       1.0873
 362.000       0.9989
 363.000       1.0706
 364.000       1.1983
 365.000       1.1796
 366.000       1.1184
 367.000       1.2855
 368.000       1.4749
 369.000       1.5319
 370.000       1.2926
 371.000       1.2731
 372.000       1.3172
 373.000       1.4731
 374.000       1.5262
 375.000       1.4741
 376.000       1.9047
 377.000       2.0616
 378.000       1.7074
 379.000       1.2075
 380.000       1.2844
 381.000       1.0694
 382.000       1.0719
 383.000       1.1630
 384.000       0.9205
 385.000       0.8300
 386.000       0.8322
 387.000       0.7723
 388.000       0.7114
 389.000       0.7307
 390.000       0.8330
 391.000       0.8969
 392.000       0.8466
 393.000       0.9821
 394.000       1.1358
 395.000       1.0386
 396.000       0.9932
 397.000       1.0720
 398.000       1.2327
 399.000       1.2948
 400.000       1.3360
 401.000       1.5495
 402.000       1.7659
 403.000       1.8511
 404.000       1.9528
 405.000       1.7931
 406.000       1.6655
 407.000       1.9725
 408.000       2.5015
 409.000       2.6883
 410.000       2.4148
 411.000       2.2197
 412.000       1.7383
 413.000       1.5734
 414.000       1.5314
 415.000       1.4085
 416.000       1.2374
 417.000       1.0650
 418.000       1.0022
 419.000       0.9967
 420.000       0.8979
 421.000       0.7986
 422.000       0.8038
 423.000       0.8344
 424.000       0.7692
 425.000       0.7243
 426.000       0.7932
 427.000       0.8419
 428.000       0.7564
 429.000       0.7650
 430.000       0.8736
 431.000       0.8124
 432.000       0.7391
 433.000       0.7541
 434.000       0.8032
 435.000       0.8249
 436.000       0.7682
 437.000       0.7704
 438.000       0.8354
 439.000       0.8165
 440.000       0.8196
 441.000       0.8050
 442.000       0.8645
 443.000       0.9619
 444.000       0.9751
 445.000       0.9803
 446.000       1.2068
 447.000       1.3835
 448.000       1.4137
 449.000       1.6912
 450.000       1.5481
 451.000       1.4609
 452.000       1.4385
 453.000       1.4217
 454.000       1.1331
 455.000       1.1220
 456.000       1.1596
 457.000       1.0410
 458.000       0.8605
 459.000       0.7536
 460.000       0.8135
 461.000       0.8348
 462.000       0.7705
 463.000       0.7372
 464.000       0.8324
 465.000       0.9162
 466.000       0.8491
 467.000       0.7642
 468.000       0.7350
 469.000       0.7809
 470.000       0.8791
 471.000       1.0637
 472.000       1.4000
 473.000       1.6030
 474.000       2.0666
 475.000       2.3299
 476.000       3.1355
 477.000       3.0557
 478.000       2.7557
 479.000       2.1426
 480.000       1.4528
 481.000       1.0613
 482.000       1.0443
 483.000       1.2612
 484.000       1.2709
 485.000       1.2692
 486.000       1.6879
 487.000       2.6269
 488.000       2.9357
 489.000       2.3342
 490.000       1.8157
 491.000       1.7555
 492.000       1.4711
 493.000       1.1921
 494.000       0.8451
 495.000       0.8387
 496.000       0.8193
 497.000       0.8340
 498.000       0.7674
 499.000       0.7500
 500.000       0.7621
 501.000       0.8333
 502.000       0.7805
 503.000       0.7495
 504.000       0.7223
 505.000       0.6707
 506.000       0.7065
 507.000       0.7160
 508.000       0.7236
 509.000       0.8034
 510.000       0.8257
 511.000       0.7895
 512.000       0.8953
 513.000       1.0251
 514.000       1.0613
 515.000       1.1664
 516.000       1.2858
 517.000       1.3241
 518.000       1.8778
 519.000       1.6496
 520.000       1.2756
 521.000       1.0198
 522.000       1.1006
 523.000       1.1738
 524.000       1.1577
 525.000       1.2152
 526.000       1.1640
 527.000       1.5138
 528.000       1.6644
 529.000       1.3149
 530.000       1.2529
 531.000       1.0972
 532.000       0.9413
 533.000       1.0165
 534.000       1.0441
 535.000       0.9288
 536.000       0.9602
 537.000       1.1124
 538.000       1.1469
 539.000       1.1607
 540.000       1.2758
 541.000       1.3995
 542.000       1.4404
 543.000       1.6855
 544.000       2.0366
 545.000       1.9039
 546.000       1.5591
 547.000       1.4847
 548.000       1.4047
 549.000       1.3304
 550.000       1.2676
 551.000       1.1528
 552.000       1.0622
 553.000       1.1390
 554.000       1.1394
 555.000       1.1516
 556.000       1.3461
 557.000       1.4356
 558.000       1.3666
 559.000       1.4219
 560.000       1.2153
 561.000       1.0808
 562.000       0.9083
 563.000       0.8458
 564.000       0.8023
 565.000       0.7373
 566.000       0.7362
 567.000       0.8098
 568.000       0.8220
 569.000       0.7725
 570.000       0.7975
 571.000       0.8752
 572.000       0.9305
 573.000       0.8599
 574.000       0.8540
 575.000       0.9563
 576.000       0.9599
 577.000       0.8996
 578.000       1.0189
 579.000       1.1460
 580.000       1.1347
 581.000       1.2197
 582.000       1.6562
 583.000       1.8043
 584.000       1.4397
 585.000       1.0964
 586.000       1.0234
 587.000       0.9079
 588.000       0.9441
 589.000       1.0983
 590.000       1.3848
 591.000       2.0391
 592.000       2.2459
 593.000       2.4499
 594.000       3.4303
 595.000       4.9578
 596.000       6.3495
 597.000       7.5592
 598.000       8.1694
 599.000       7.2768
 600.000       6.7456
 601.000       6.1587
 602.000       5.7226
 603.000       5.2707
 604.000       5.1477
 605.000       5.1787
 606.000       4.7708
 607.000       4.5366
 608.000       4.7885
 609.000       4.5267
 610.000       4.4714
 611.000       4.2739
 612.000       3.6605
 613.000       3.4097
 614.000       3.3005
 615.000       3.2163
 616.000       3.2650
 617.000       3.6155
 618.000       3.8481
 619.000       4.1321
 620.000       4.6385
 621.000       5.0011
 622.000       5.5460
 623.000       5.8796
 624.000       6.4274
 625.000       6.8711
 626.000       6.8151
 627.000       6.7545
 628.000       6.4470
 629.000       6.0278
 630.000       5.6555
 631.000       5.5946
 632.000       5.0223
 633.000       4.9911
 634.000       5.3669
 635.000       5.0343
 636.000       4.9006
 637.000       5.7828
 638.000       5.6833
 639.000       4.3386
 640.000       4.1088
 641.000       4.0954
 642.000       4.4221
 643.000       4.5002
 644.000       4.9015
 645.000       5.1342
 646.000       5.6713
 647.000       5.6346
 648.000       5.8119
 649.000       5.7957
 650.000       6.2429
 651.000       6.3505
 652.000       6.1308
 653.000       6.4625
 654.000       6.7534
 655.000       6.6031
 656.000       6.7284
 657.000       6.5630
 658.000       6.6417
 659.000       6.1820
 660.000       5.6217
 661.000       5.0589
 662.000       4.6912
 663.000       4.2066
 664.000       3.8485
 665.000       3.3991
 666.000       2.9594
 667.000       2.7140
 668.000       2.5608
 669.000       2.6468
 670.000       2.6614
 671.000       2.8458
 672.000       3.1165
 673.000       3.3050
 674.000       3.3560
 675.000       3.6111
 676.000       3.9492
 677.000       4.3043
 678.000       4.2728
 679.000       3.8682
 680.000       3.5484
 681.000       3.1650
 682.000       2.8727
 683.000       3.0312
 684.000       3.3567
 685.000       3.2940
 686.000       3.0812
 687.000       3.2299
 688.000       3.4831
 689.000       3.9099
 690.000       4.1953
 691.000       4.5715
 692.000       4.8847
 693.000       5.2013
 694.000       5.0615
 695.000       5.1917
 696.000       4.9738
 697.000       4.5948
 698.000       4.1814
 699.000       3.9413
 700.000       3.6810
 701.000       3.3904
 702.000       3.2335
 703.000       3.1117
 704.000       2.9778
 705.000       3.3281
 706.000       3.3235
 707.000       2.9939
 708.000       2.8477
 709.000       2.7479
 710.000       2.9208
 711.000       2.8223
 712.000       2.5520
 713.000       2.5366
 714.000       2.5737
 715.000       2.8502
 716.000       2.6012
 717.000       2.6085
 718.000       2.4262
 719.000       2.4986
 720.000       2.3375
 721.000       2.6367
 722.000       3.0521
 723.000       3.4954
 724.000       3.6901
 725.000       3.8583
 726.000       3.9062
 727.000       4.2359
 728.000       4.4528
 729.000       4.3964
 730.000       4.1846
 731.000       4.0941
 732.000       3.8659
 733.000       4.2420
 734.000       3.8130
 735.000       3.5250
 736.000       3.1653
 737.000       2.9389
 738.000       2.6483
 739.000       2.8010
 740.000       2.8505
 741.000       3.3798
 742.000       3.9113
 743.000       4.0733
 744.000       4.2152
 745.000       3.9724
 746.000       4.6048
 747.000       4.1136
 748.000       3.7228
 749.000       3.5612
 750.000       3.2759
 751.000       2.7715
 752.000       2.6019
 753.000       2.5219
 754.000       2.4125
 755.000       2.3891
 756.000       2.4163
 757.000       2.2687
 758.000       2.0959
 759.000       2.0000
 760.000       2.0239
 761.000       2.0819
 762.000       2.2921
 763.000       2.2202
 764.000       2.3483
 765.000       2.1605
 766.000       2.3466
 767.000       2.7286
 768.000       2.9966
 769.000       2.4779
 770.000       2.3253
 771.000       2.4496
 772.000       2.6673
 773.000       2.9112
 774.000       3.3098
 775.000       3.5921
 776.000       3.9966
 777.000       4.2936
 778.000       4.7521
 779.000       5.1232
 780.000       5.7168
 781.000       6.1037
 782.000       6.7777
 783.000       7.1323
 784.000       8.0109
 785.000       7.6761
 786.000       7.4948
 787.000       7.2149
 788.000       6.9408
 789.000       6.6280
 790.000       6.9198
 791.000       7.3716
