#Res        AtomicFlx
   1.000       3.2073
   2.000       2.3449
   3.000       1.9987
   4.000       1.8603
   5.000       1.8553
   6.000       1.7270
   7.000       1.5287
   8.000       1.5188
   9.000       1.5052
  10.000       1.3659
  11.000       1.2651
  12.000       1.3862
  13.000       1.3931
  14.000       1.2005
  15.000       1.2205
  16.000       1.3888
  17.000       1.3333
  18.000       1.1433
  19.000       1.1638
  20.000       1.2000
  21.000       1.2467
  22.000       1.1573
  23.000       1.1573
  24.000       1.3023
  25.000       1.3030
  26.000       1.2341
  27.000       1.3370
  28.000       1.4685
  29.000       1.4515
  30.000       1.4488
  31.000       1.6188
  32.000       1.7274
  33.000       1.7100
  34.000       1.8336
  35.000       2.0359
  36.000       2.3190
  37.000       2.2952
  38.000       2.4681
  39.000       2.3231
  40.000       1.9955
  41.000       2.0404
  42.000       2.1040
  43.000       1.8642
  44.000       1.7249
  45.000       1.8813
  46.000       1.8200
  47.000       1.6013
  48.000       1.6053
  49.000       1.6988
  50.000       1.5742
  51.000       1.4070
  52.000       1.5168
  53.000       1.5790
  54.000       1.4169
  55.000       1.3669
  56.000       1.5317
  57.000       1.5701
  58.000       1.4091
  59.000       1.5181
  60.000       1.7862
  61.000       1.7388
  62.000       1.6656
  63.000       1.9433
  64.000       2.0563
  65.000       1.9434
  66.000       2.0948
  67.000       2.1287
  68.000       2.4233
  69.000       2.3234
  70.000       2.1482
  71.000       2.2792
  72.000       2.0114
  73.000       1.9722
  74.000       1.7806
  75.000       1.5594
  76.000       1.6193
  77.000       1.5398
  78.000       1.3079
  79.000       1.3618
  80.000       1.5080
  81.000       1.4186
  82.000       1.3779
  83.000       1.6459
  84.000       1.8167
  85.000       1.9629
  86.000       2.2268
  87.000       2.5253
  88.000       2.3107
  89.000       2.1260
  90.000       1.7406
  91.000       1.7727
  92.000       1.9199
  93.000       1.8777
  94.000       1.6322
  95.000       1.6435
  96.000       1.7615
  97.000       1.6167
  98.000       1.4937
  99.000       1.6554
 100.000       1.7027
 101.000       1.5397
 102.000       1.5601
 103.000       1.7546
 104.000       1.7056
 105.000       1.5689
 106.000       1.7382
 107.000       1.8987
 108.000       1.8051
 109.000       1.8101
 110.000       2.0630
 111.000       2.3021
 112.000       2.7427
 113.000       3.0064
 114.000       2.9861
 115.000       4.0110
 116.000       4.6048
 117.000       5.9891
 118.000       6.1625
 119.000       5.4416
 120.000       6.1504
 121.000       4.9137
 122.000       4.0729
 123.000       3.3445
 124.000       2.7285
 125.000       2.6068
 126.000       2.3954
 127.000       2.9983
 128.000       2.9904
 129.000       2.4485
 130.000       2.6175
 131.000       2.7359
 132.000       2.6082
 133.000       2.8688
 134.000       3.3152
 135.000       3.2767
 136.000       3.1299
 137.000       2.9627
 138.000       3.0381
 139.000       2.8020
 140.000       2.4888
 141.000       2.4874
 142.000       2.4603
 143.000       2.1277
 144.000       1.8891
 145.000       2.0365
 146.000       1.9192
 147.000       1.4896
 148.000       1.5383
 149.000       1.7473
 150.000       1.5792
 151.000       1.4700
 152.000       1.7332
 153.000       1.7928
 154.000       1.5491
 155.000       1.3688
 156.000       1.4808
 157.000       1.5305
 158.000       1.3484
 159.000       1.2971
 160.000       1.3924
 161.000       1.3222
 162.000       1.2102
 163.000       1.2897
 164.000       1.3054
 165.000       1.2269
 166.000       1.2229
 167.000       1.2777
 168.000       1.2723
 169.000       1.2182
 170.000       1.2522
 171.000       1.3579
 172.000       1.3680
 173.000       1.3474
 174.000       1.5025
 175.000       1.6566
 176.000       1.7181
 177.000       1.6394
 178.000       1.4493
 179.000       1.6588
 180.000       1.3159
 181.000       1.3649
 182.000       1.2787
 183.000       1.1663
 184.000       1.0875
 185.000       1.0557
 186.000       1.0635
 187.000       1.0973
 188.000       1.1361
 189.000       1.0010
 190.000       1.0245
 191.000       1.0680
 192.000       1.5204
 193.000       1.8972
 194.000       1.5983
 195.000       1.8525
 196.000       1.6907
 197.000       1.1968
 198.000       1.1874
 199.000       1.0593
 200.000       1.0519
 201.000       1.2129
 202.000       1.2633
 203.000       1.1063
 204.000       1.0155
 205.000       1.0941
 206.000       1.0596
 207.000       0.8904
 208.000       0.8514
 209.000       0.9324
 210.000       0.9162
 211.000       0.8073
 212.000       0.7854
 213.000       0.8505
 214.000       0.8489
 215.000       0.7793
 216.000       0.8133
 217.000       0.8796
 218.000       0.8068
 219.000       0.7365
 220.000       0.7798
 221.000       0.8122
 222.000       0.7886
 223.000       0.7785
 224.000       0.8757
 225.000       0.9293
 226.000       0.9189
 227.000       0.9479
 228.000       1.0861
 229.000       1.2142
 230.000       1.2159
 231.000       1.3289
 232.000       1.5575
 233.000       1.6749
 234.000       1.6161
 235.000       2.1302
 236.000       1.8573
 237.000       1.4936
 238.000       1.2525
 239.000       1.1647
 240.000       1.0924
 241.000       0.9817
 242.000       0.8918
 243.000       0.8462
 244.000       0.8250
 245.000       1.0495
 246.000       1.3155
 247.000       1.9614
 248.000       2.1371
 249.000       2.5491
 250.000       3.0461
 251.000       2.0927
 252.000       1.5228
 253.000       2.0048
 254.000       2.9368
 255.000       2.7673
 256.000       2.0084
 257.000       1.9938
 258.000       1.6826
 259.000       1.5321
 260.000       1.5463
 261.000       1.5240
 262.000       2.1230
 263.000       1.9179
 264.000       1.5461
 265.000       2.2883
 266.000       3.9251
 267.000       4.6898
 268.000       4.9626
 269.000       5.5265
 270.000       4.4806
 271.000       3.4405
 272.000       2.7154
 273.000       2.5738
 274.000       2.9426
 275.000       3.0111
 276.000       3.5165
 277.000       3.8481
 278.000       3.7066
 279.000       3.7012
 280.000       4.2362
 281.000       4.4953
 282.000       4.2097
 283.000       3.9199
 284.000       3.1797
 285.000       2.4526
 286.000       2.0201
 287.000       1.9553
 288.000       1.9651
 289.000       1.5915
 290.000       1.5701
 291.000       1.8122
 292.000       1.5883
 293.000       1.4004
 294.000       1.6129
 295.000       1.6374
 296.000       1.4263
 297.000       1.2652
 298.000       1.5024
 299.000       1.7353
 300.000       1.7402
 301.000       1.7005
 302.000       1.5122
 303.000       1.8648
 304.000       2.1987
 305.000       2.7912
 306.000       2.8677
 307.000       3.3614
 308.000       2.1858
 309.000       1.6195
 310.000       1.8977
 311.000       2.0262
 312.000       1.7538
 313.000       1.6236
 314.000       1.6257
 315.000       2.3049
 316.000       2.4982
 317.000       2.9975
 318.000       4.2214
 319.000       4.4064
 320.000       4.3224
 321.000       4.0511
 322.000       3.4500
 323.000       2.4773
 324.000       2.1957
 325.000       2.3788
 326.000       2.3216
 327.000       1.9457
 328.000       1.5603
 329.000       1.3579
 330.000       1.2837
 331.000       1.1539
 332.000       1.0971
 333.000       1.2311
 334.000       1.2815
 335.000       1.2491
 336.000       1.2352
 337.000       1.1200
 338.000       1.0986
 339.000       1.1330
 340.000       1.2424
 341.000       1.4095
 342.000       1.8321
 343.000       2.1087
 344.000       2.6746
 345.000       2.7547
 346.000       2.4491
 347.000       2.5475
 348.000       2.4371
 349.000       2.3163
 350.000       2.1537
 351.000       1.9960
 352.000       1.7752
 353.000       1.6721
 354.000       1.5765
 355.000       1.3612
 356.000       1.1777
 357.000       1.0983
 358.000       1.0166
 359.000       0.9135
 360.000       0.9449
 361.000       0.9591
 362.000       0.8914
 363.000       0.7984
 364.000       0.9056
 365.000       0.9646
 366.000       0.9107
 367.000       0.9304
 368.000       1.0984
 369.000       1.2629
 370.000       1.0280
 371.000       1.0129
 372.000       0.9636
 373.000       1.0577
 374.000       0.9753
 375.000       0.9963
 376.000       0.9290
 377.000       1.0143
 378.000       0.9126
 379.000       0.9055
 380.000       1.0399
 381.000       0.9002
 382.000       0.8904
 383.000       1.0085
 384.000       0.9405
 385.000       0.7697
 386.000       0.8495
 387.000       0.9368
 388.000       0.8994
 389.000       0.8909
 390.000       1.1201
 391.000       1.2755
 392.000       1.2031
 393.000       1.3561
 394.000       1.7135
 395.000       1.7359
 396.000       1.7177
 397.000       1.9925
 398.000       2.0047
 399.000       2.0400
 400.000       2.3047
 401.000       2.5795
 402.000       2.6553
 403.000       2.7621
 404.000       3.0582
 405.000       2.9948
 406.000       3.0719
 407.000       4.1197
 408.000       5.4553
 409.000       5.6919
 410.000       4.6147
 411.000       3.6076
 412.000       2.8280
 413.000       2.0032
 414.000       1.9743
 415.000       1.8202
 416.000       1.5548
 417.000       1.4001
 418.000       1.2902
 419.000       1.1604
 420.000       1.0432
 421.000       0.9139
 422.000       0.8982
 423.000       0.9043
 424.000       0.8609
 425.000       0.8536
 426.000       1.0001
 427.000       1.0666
 428.000       0.9043
 429.000       0.9442
 430.000       1.1618
 431.000       0.8766
 432.000       0.7783
 433.000       0.7682
 434.000       0.7616
 435.000       0.7476
 436.000       0.7537
 437.000       0.7603
 438.000       0.7947
 439.000       0.8708
 440.000       0.8887
 441.000       0.8619
 442.000       0.8815
 443.000       0.9595
 444.000       1.0202
 445.000       1.0330
 446.000       1.1502
 447.000       1.3074
 448.000       1.3965
 449.000       1.4871
 450.000       1.5117
 451.000       1.5545
 452.000       1.5678
 453.000       1.5663
 454.000       1.3362
 455.000       1.1825
 456.000       1.0955
 457.000       1.0853
 458.000       0.9338
 459.000       0.8038
 460.000       0.8334
 461.000       0.8611
 462.000       0.7892
 463.000       0.7557
 464.000       0.8087
 465.000       0.8583
 466.000       0.8114
 467.000       0.7581
 468.000       0.7336
 469.000       0.8129
 470.000       0.9044
 471.000       1.1057
 472.000       1.7208
 473.000       1.7913
 474.000       1.7809
 475.000       1.8150
 476.000       1.6263
 477.000       1.5073
 478.000       1.4964
 479.000       1.3717
 480.000       1.1722
 481.000       1.0076
 482.000       1.0311
 483.000       1.1311
 484.000       1.2159
 485.000       1.2143
 486.000       1.4879
 487.000       1.2853
 488.000       1.5819
 489.000       2.0264
 490.000       1.7969
 491.000       1.5548
 492.000       1.1372
 493.000       1.0344
 494.000       0.8329
 495.000       0.8125
 496.000       0.7961
 497.000       0.8584
 498.000       0.7889
 499.000       0.7460
 500.000       0.7709
 501.000       0.9060
 502.000       0.8067
 503.000       0.7258
 504.000       0.7003
 505.000       0.6885
 506.000       0.7200
 507.000       0.7162
 508.000       0.7226
 509.000       0.8520
 510.000       0.8843
 511.000       0.8092
 512.000       0.9702
 513.000       1.1367
 514.000       1.2236
 515.000       1.4643
 516.000       1.8831
 517.000       2.0938
 518.000       2.7502
 519.000       2.4854
 520.000       1.8199
 521.000       1.2517
 522.000       1.4058
 523.000       1.6503
 524.000       1.4475
 525.000       1.4662
 526.000       1.3499
 527.000       1.7720
 528.000       2.0896
 529.000       2.0999
 530.000       1.7630
 531.000       1.7482
 532.000       1.6756
 533.000       1.3358
 534.000       1.2735
 535.000       1.3497
 536.000       1.0329
 537.000       0.9420
 538.000       1.1485
 539.000       0.9979
 540.000       0.8342
 541.000       0.8919
 542.000       0.9285
 543.000       0.9560
 544.000       1.0251
 545.000       1.0460
 546.000       0.9530
 547.000       0.9516
 548.000       0.8868
 549.000       0.8861
 550.000       1.0124
 551.000       1.0359
 552.000       0.9554
 553.000       1.0935
 554.000       1.2417
 555.000       1.0563
 556.000       1.0610
 557.000       1.2422
 558.000       1.1314
 559.000       1.0865
 560.000       1.0820
 561.000       1.0209
 562.000       0.9445
 563.000       0.9462
 564.000       0.9057
 565.000       0.8064
 566.000       0.8408
 567.000       0.9206
 568.000       0.9413
 569.000       0.8851
 570.000       0.9125
 571.000       1.0171
 572.000       1.0719
 573.000       0.9491
 574.000       0.9276
 575.000       1.0676
 576.000       1.0807
 577.000       1.0161
 578.000       1.1818
 579.000       1.3653
 580.000       1.3587
 581.000       1.4721
 582.000       1.8452
 583.000       1.9275
 584.000       1.5135
 585.000       1.1445
 586.000       1.0776
 587.000       0.9625
 588.000       0.9266
 589.000       1.0720
 590.000       1.5834
 591.000       1.9539
 592.000       2.2185
 593.000       2.4264
 594.000       3.0447
 595.000       4.2395
 596.000       5.5133
 597.000       6.5669
 598.000       7.7104
 599.000       6.9291
 600.000       6.4165
 601.000       5.9846
 602.000       5.6691
 603.000       5.3880
 604.000       5.3850
 605.000       5.0386
 606.000       4.6405
 607.000       4.6357
 608.000       4.8335
 609.000       5.0969
 610.000       4.9340
 611.000       4.3230
 612.000       3.5286
 613.000       3.2442
 614.000       3.0511
 615.000       2.8953
 616.000       3.0107
 617.000       3.3477
 618.000       3.5559
 619.000       3.9134
 620.000       4.3379
 621.000       4.7427
 622.000       5.2820
 623.000       5.7050
 624.000       6.4912
 625.000       7.0045
 626.000       6.9464
 627.000       6.7091
 628.000       6.5987
 629.000       6.3216
 630.000       6.1075
 631.000       5.8830
 632.000       5.6135
 633.000       5.3832
 634.000       5.3291
 635.000       5.5767
 636.000       6.2772
 637.000       5.6371
 638.000       4.6438
 639.000       3.9305
 640.000       3.6861
 641.000       3.7529
 642.000       4.2020
 643.000       4.2573
 644.000       4.6494
 645.000       4.8777
 646.000       5.4342
 647.000       5.5132
 648.000       5.9650
 649.000       6.5817
 650.000       7.0330
 651.000       6.7208
 652.000       6.6063
 653.000       7.3022
 654.000       7.4593
 655.000       7.1427
 656.000       6.7156
 657.000       6.1866
 658.000       6.1901
 659.000       5.7410
 660.000       5.2932
 661.000       4.7821
 662.000       4.4195
 663.000       3.9480
 664.000       3.6601
 665.000       3.2147
 666.000       2.7928
 667.000       2.4724
 668.000       2.2440
 669.000       2.3766
 670.000       2.3475
 671.000       2.5019
 672.000       2.8707
 673.000       2.9974
 674.000       2.9809
 675.000       3.3092
 676.000       3.6411
 677.000       4.0102
 678.000       4.0602
 679.000       3.7117
 680.000       3.3747
 681.000       2.9029
 682.000       2.7142
 683.000       2.6127
 684.000       2.8974
 685.000       2.9501
 686.000       2.7225
 687.000       2.9122
 688.000       3.1585
 689.000       3.5729
 690.000       3.8615
 691.000       4.2339
 692.000       4.5819
 693.000       4.9098
 694.000       4.7807
 695.000       4.9248
 696.000       4.7065
 697.000       4.3469
 698.000       3.9903
 699.000       3.7787
 700.000       3.4890
 701.000       3.2157
 702.000       3.0760
 703.000       2.9399
 704.000       2.8130
 705.000       3.2294
 706.000       3.2122
 707.000       2.8592
 708.000       2.8066
 709.000       2.8203
 710.000       2.9348
 711.000       2.6496
 712.000       2.4899
 713.000       2.4564
 714.000       2.5907
 715.000       2.7442
 716.000       2.4916
 717.000       2.4873
 718.000       2.2666
 719.000       2.2302
 720.000       2.0532
 721.000       2.2839
 722.000       2.6528
 723.000       3.1102
 724.000       3.3467
 725.000       3.5876
 726.000       3.5976
 727.000       3.8619
 728.000       4.0864
 729.000       4.1386
 730.000       4.0227
 731.000       4.0516
 732.000       3.8010
 733.000       3.8388
 734.000       3.6363
 735.000       3.1127
 736.000       2.8935
 737.000       2.6418
 738.000       2.2743
 739.000       2.3648
 740.000       2.3156
 741.000       2.7635
 742.000       3.5090
 743.000       3.6134
 744.000       4.1154
 745.000       3.9603
 746.000       4.3346
 747.000       3.6219
 748.000       3.2143
 749.000       2.9029
 750.000       2.5901
 751.000       2.4548
 752.000       2.2628
 753.000       2.2041
 754.000       2.0933
 755.000       2.1050
 756.000       2.1827
 757.000       2.1848
 758.000       2.0781
 759.000       2.0091
 760.000       2.0215
 761.000       1.9110
 762.000       2.1223
 763.000       2.1186
 764.000       2.3275
 765.000       2.0884
 766.000       1.9378
 767.000       1.9328
 768.000       2.2552
 769.000       2.0504
 770.000       1.8896
 771.000       2.1543
 772.000       2.4899
 773.000       2.7428
 774.000       3.1464
 775.000       3.4167
 776.000       3.8057
 777.000       4.0400
 778.000       4.4866
 779.000       4.8469
 780.000       5.3406
 781.000       5.8145
 782.000       6.4812
 783.000       7.0228
 784.000       7.8549
 785.000       8.1505
 786.000       7.8308
 787.000       7.4315
 788.000       6.8277
 789.000       6.4026
 790.000       7.0332
 791.000       8.1203
