#Res        AtomicFlx
   1.000       3.7035
   2.000       3.3504
   3.000       2.8575
   4.000       2.7289
   5.000       2.7937
   6.000       2.4780
   7.000       2.0876
   8.000       2.1855
   9.000       2.2496
  10.000       1.8796
  11.000       1.6935
  12.000       2.0076
  13.000       2.0290
  14.000       1.6871
  15.000       1.7664
  16.000       2.0979
  17.000       2.1143
  18.000       1.8602
  19.000       2.0368
  20.000       2.3060
  21.000       2.2380
  22.000       2.0557
  23.000       2.2983
  24.000       2.6529
  25.000       2.5198
  26.000       2.3925
  27.000       2.7966
  28.000       3.0685
  29.000       2.8646
  30.000       2.8982
  31.000       3.3761
  32.000       3.4705
  33.000       3.2109
  34.000       3.4335
  35.000       3.9239
  36.000       4.3242
  37.000       4.6861
  38.000       4.9046
  39.000       4.7023
  40.000       4.1234
  41.000       3.9855
  42.000       4.0131
  43.000       3.6589
  44.000       3.2613
  45.000       3.3240
  46.000       3.2339
  47.000       2.9116
  48.000       2.6974
  49.000       2.6086
  50.000       2.4260
  51.000       2.1019
  52.000       1.9926
  53.000       1.8906
  54.000       1.6353
  55.000       1.4193
  56.000       1.4174
  57.000       1.4008
  58.000       1.3046
  59.000       1.3622
  60.000       1.5479
  61.000       1.6306
  62.000       1.6992
  63.000       1.9615
  64.000       2.1666
  65.000       2.2435
  66.000       2.6296
  67.000       2.7259
  68.000       3.2446
  69.000       3.1961
  70.000       2.9803
  71.000       3.1728
  72.000       2.7812
  73.000       2.6009
  74.000       2.2748
  75.000       2.0429
  76.000       2.0982
  77.000       1.9384
  78.000       1.5721
  79.000       1.5658
  80.000       1.7760
  81.000       1.6410
  82.000       1.4058
  83.000       1.6574
  84.000       1.9709
  85.000       1.8917
  86.000       2.0396
  87.000       2.1529
  88.000       2.2191
  89.000       2.1649
  90.000       2.0422
  91.000       2.0911
  92.000       2.2066
  93.000       2.0303
  94.000       1.6989
  95.000       1.7755
  96.000       1.8949
  97.000       1.6262
  98.000       1.5179
  99.000       1.7897
 100.000       1.7530
 101.000       1.5879
 102.000       1.7932
 103.000       1.9449
 104.000       1.7700
 105.000       1.8533
 106.000       2.1837
 107.000       2.1330
 108.000       2.0981
 109.000       2.5037
 110.000       2.5538
 111.000       2.3633
 112.000       2.6435
 113.000       3.5588
 114.000       3.8422
 115.000       4.8717
 116.000       5.9266
 117.000       7.3082
 118.000       8.1304
 119.000       7.5146
 120.000       7.8357
 121.000       6.9432
 122.000       5.4939
 123.000       4.6917
 124.000       3.7429
 125.000       3.2192
 126.000       2.5024
 127.000       2.8366
 128.000       2.8745
 129.000       2.7669
 130.000       2.2532
 131.000       1.8349
 132.000       2.1263
 133.000       2.1563
 134.000       1.7104
 135.000       1.6233
 136.000       1.9121
 137.000       1.9253
 138.000       2.0954
 139.000       2.0840
 140.000       2.1408
 141.000       2.3122
 142.000       2.1894
 143.000       1.9977
 144.000       2.1747
 145.000       2.3136
 146.000       2.1385
 147.000       2.0461
 148.000       2.2337
 149.000       2.4655
 150.000       2.3354
 151.000       2.1619
 152.000       2.3013
 153.000       2.3537
 154.000       1.9778
 155.000       1.8882
 156.000       1.8810
 157.000       1.6806
 158.000       1.4657
 159.000       1.2984
 160.000       1.2863
 161.000       1.2589
 162.000       1.1832
 163.000       1.1840
 164.000       1.1364
 165.000       1.1158
 166.000       1.0509
 167.000       1.0924
 168.000       1.1897
 169.000       1.1651
 170.000       1.2247
 171.000       1.3894
 172.000       1.4534
 173.000       1.4466
 174.000       1.6965
 175.000       1.9008
 176.000       1.9061
 177.000       1.9656
 178.000       1.6601
 179.000       1.4806
 180.000       1.1377
 181.000       1.0440
 182.000       1.1210
 183.000       1.1450
 184.000       1.2390
 185.000       1.2386
 186.000       1.0624
 187.000       1.1100
 188.000       1.0774
 189.000       1.0307
 190.000       1.0733
 191.000       1.2011
 192.000       1.6263
 193.000       2.0575
 194.000       1.7293
 195.000       1.9259
 196.000       1.7373
 197.000       1.3108
 198.000       1.2877
 199.000       1.1294
 200.000       1.0997
 201.000       1.1792
 202.000       1.3016
 203.000       1.2235
 204.000       1.1738
 205.000       1.2420
 206.000       1.2272
 207.000       1.0653
 208.000       0.9231
 209.000       0.9722
 210.000       0.9920
 211.000       0.8769
 212.000       0.8090
 213.000       0.8512
 214.000       0.8950
 215.000       0.8040
 216.000       0.8559
 217.000       0.9016
 218.000       0.8025
 219.000       0.7474
 220.000       0.7979
 221.000       0.7867
 222.000       0.7838
 223.000       0.7910
 224.000       0.8300
 225.000       0.8572
 226.000       0.9024
 227.000       0.9471
 228.000       1.0266
 229.000       1.1301
 230.000       1.1966
 231.000       1.3305
 232.000       1.6699
 233.000       2.0142
 234.000       2.0930
 235.000       2.2685
 236.000       2.2596
 237.000       1.8089
 238.000       1.4331
 239.000       1.3553
 240.000       1.3772
 241.000       1.1406
 242.000       1.0667
 243.000       1.0030
 244.000       0.9775
 245.000       1.1239
 246.000       1.1561
 247.000       1.4644
 248.000       1.5743
 249.000       1.5834
 250.000       1.8259
 251.000       1.7487
 252.000       1.7619
 253.000       1.8920
 254.000       1.6429
 255.000       1.6984
 256.000       1.5002
 257.000       1.3325
 258.000       1.2207
 259.000       1.1561
 260.000       1.2121
 261.000       1.2411
 262.000       1.7624
 263.000       2.0134
 264.000       2.0022
 265.000       2.0098
 266.000       2.7440
 267.000       2.5834
 268.000       2.8323
 269.000       3.4181
 270.000       3.2053
 271.000       3.3673
 272.000       2.9694
 273.000       3.1865
 274.000       2.7012
 275.000       2.0384
 276.000       2.0511
 277.000       2.2275
 278.000       2.0441
 279.000       1.8930
 280.000       2.1568
 281.000       2.3116
 282.000       2.1408
 283.000       2.0931
 284.000       1.8659
 285.000       1.7535
 286.000       1.7235
 287.000       1.6676
 288.000       1.4846
 289.000       1.3692
 290.000       1.3459
 291.000       1.2990
 292.000       1.1250
 293.000       1.0815
 294.000       1.2339
 295.000       1.2140
 296.000       1.1139
 297.000       1.2501
 298.000       1.5432
 299.000       1.6188
 300.000       1.7672
 301.000       1.9983
 302.000       1.9014
 303.000       1.9677
 304.000       2.0892
 305.000       2.2160
 306.000       2.5876
 307.000       3.0791
 308.000       3.2264
 309.000       2.8935
 310.000       2.9801
 311.000       3.0184
 312.000       2.8066
 313.000       2.6784
 314.000       2.5894
 315.000       2.2920
 316.000       2.2778
 317.000       3.2689
 318.000       3.3609
 319.000       4.2864
 320.000       4.7959
 321.000       4.3465
 322.000       3.9625
 323.000       3.6163
 324.000       3.3911
 325.000       3.2008
 326.000       2.9402
 327.000       2.7003
 328.000       2.1442
 329.000       2.0195
 330.000       1.8417
 331.000       1.8204
 332.000       1.6929
 333.000       1.9066
 334.000       1.9827
 335.000       2.2603
 336.000       2.2632
 337.000       2.1651
 338.000       2.1990
 339.000       2.1933
 340.000       2.2524
 341.000       2.2763
 342.000       2.5513
 343.000       2.3465
 344.000       2.2366
 345.000       2.3620
 346.000       1.7592
 347.000       1.5540
 348.000       1.4568
 349.000       1.4630
 350.000       1.3209
 351.000       1.1492
 352.000       1.1280
 353.000       1.1380
 354.000       1.0105
 355.000       0.8511
 356.000       0.9002
 357.000       1.0562
 358.000       0.9366
 359.000       0.8447
 360.000       1.1115
 361.000       1.2122
 362.000       1.0114
 363.000       1.0165
 364.000       1.3886
 365.000       1.5228
 366.000       1.4036
 367.000       1.5164
 368.000       1.9016
 369.000       1.8946
 370.000       1.6251
 371.000       1.5889
 372.000       1.7081
 373.000       1.7410
 374.000       1.8770
 375.000       2.3594
 376.000       3.0133
 377.000       3.2991
 378.000       1.6528
 379.000       0.9406
 380.000       1.0033
 381.000       0.8413
 382.000       0.8054
 383.000       0.8901
 384.000       0.8372
 385.000       0.7691
 386.000       0.8870
 387.000       0.8573
 388.000       0.8198
 389.000       0.8025
 390.000       0.8492
 391.000       0.9271
 392.000       1.0105
 393.000       1.1022
 394.000       1.1176
 395.000       1.1788
 396.000       1.1857
 397.000       1.2318
 398.000       1.2860
 399.000       1.1894
 400.000       1.2117
 401.000       1.3770
 402.000       1.5103
 403.000       1.5761
 404.000       1.7486
 405.000       1.7257
 406.000       1.7218
 407.000       2.1518
 408.000       2.6441
 409.000       3.0394
 410.000       2.6580
 411.000       3.0431
 412.000       2.3040
 413.000       1.6723
 414.000       1.5843
 415.000       1.5820
 416.000       1.3486
 417.000       1.1569
 418.000       1.0202
 419.000       1.0346
 420.000       1.0047
 421.000       0.8733
 422.000       0.8750
 423.000       0.9397
 424.000       0.8797
 425.000       0.8879
 426.000       1.0614
 427.000       1.0299
 428.000       0.9492
 429.000       1.2924
 430.000       1.5462
 431.000       1.1637
 432.000       0.8964
 433.000       0.8223
 434.000       0.8671
 435.000       0.8937
 436.000       0.7777
 437.000       0.7671
 438.000       0.8385
 439.000       0.8050
 440.000       0.8035
 441.000       0.8067
 442.000       0.8982
 443.000       0.9916
 444.000       0.9009
 445.000       1.0189
 446.000       1.3106
 447.000       1.3354
 448.000       1.2012
 449.000       1.2070
 450.000       1.1693
 451.000       1.1324
 452.000       1.1925
 453.000       1.3390
 454.000       1.0206
 455.000       0.9158
 456.000       1.0577
 457.000       1.0607
 458.000       0.8644
 459.000       0.8481
 460.000       0.9360
 461.000       0.9218
 462.000       0.9038
 463.000       0.8951
 464.000       0.9236
 465.000       0.9721
 466.000       0.9163
 467.000       0.8787
 468.000       0.8884
 469.000       0.9707
 470.000       1.0711
 471.000       1.2536
 472.000       1.5016
 473.000       1.6173
 474.000       1.9390
 475.000       1.5380
 476.000       1.6016
 477.000       1.5920
 478.000       1.8929
 479.000       2.0702
 480.000       1.6033
 481.000       1.6471
 482.000       1.5581
 483.000       1.3377
 484.000       1.3781
 485.000       1.7391
 486.000       1.9042
 487.000       2.5304
 488.000       2.3997
 489.000       1.7525
 490.000       1.3935
 491.000       1.4018
 492.000       1.1125
 493.000       1.1221
 494.000       0.9179
 495.000       0.8732
 496.000       0.8409
 497.000       0.8915
 498.000       0.8166
 499.000       0.7257
 500.000       0.7616
 501.000       0.8712
 502.000       0.7917
 503.000       0.7990
 504.000       0.8263
 505.000       0.7961
 506.000       0.8784
 507.000       0.9405
 508.000       0.9223
 509.000       1.0164
 510.000       0.9829
 511.000       0.9252
 512.000       1.0965
 513.000       1.1803
 514.000       1.1451
 515.000       1.3763
 516.000       1.5877
 517.000       1.6317
 518.000       2.3406
 519.000       1.9947
 520.000       1.6242
 521.000       1.3434
 522.000       1.4411
 523.000       1.5373
 524.000       1.5044
 525.000       1.5463
 526.000       1.4173
 527.000       1.6596
 528.000       1.8633
 529.000       1.7399
 530.000       1.7276
 531.000       1.4127
 532.000       1.3227
 533.000       1.5733
 534.000       1.5585
 535.000       1.4327
 536.000       1.5410
 537.000       1.8224
 538.000       2.0168
 539.000       1.8055
 540.000       1.7236
 541.000       2.1925
 542.000       2.4979
 543.000       2.9732
 544.000       3.5918
 545.000       2.6265
 546.000       1.6646
 547.000       1.2380
 548.000       1.0894
 549.000       1.0024
 550.000       1.1489
 551.000       1.2903
 552.000       1.2039
 553.000       1.3170
 554.000       1.5802
 555.000       1.5377
 556.000       1.4278
 557.000       1.5585
 558.000       1.3996
 559.000       1.4372
 560.000       1.2620
 561.000       1.1555
 562.000       0.9882
 563.000       0.9518
 564.000       0.9442
 565.000       0.8951
 566.000       0.8381
 567.000       0.9178
 568.000       1.0083
 569.000       0.9424
 570.000       0.8953
 571.000       1.0049
 572.000       1.0508
 573.000       0.8990
 574.000       0.8889
 575.000       1.0206
 576.000       1.0059
 577.000       0.9856
 578.000       1.1636
 579.000       1.3280
 580.000       1.4184
 581.000       1.7779
 582.000       2.3942
 583.000       2.7427
 584.000       2.7676
 585.000       1.8615
 586.000       1.4434
 587.000       1.2966
 588.000       1.0695
 589.000       1.3303
 590.000       1.8471
 591.000       2.9354
 592.000       2.9566
 593.000       3.5193
 594.000       4.1428
 595.000       6.1889
 596.000       7.5256
 597.000       8.9638
 598.000      12.3979
 599.000      11.3772
 600.000      10.4552
 601.000       9.5997
 602.000       9.1915
 603.000       9.1906
 604.000       8.8948
 605.000       8.2442
 606.000       7.7089
 607.000       7.6442
 608.000       8.0193
 609.000       7.7913
 610.000       7.7498
 611.000       7.3501
 612.000       6.1318
 613.000       5.4817
 614.000       5.0234
 615.000       4.8718
 616.000       5.0473
 617.000       5.5631
 618.000       6.0462
 619.000       6.4858
 620.000       7.2303
 621.000       7.7883
 622.000       8.7159
 623.000       9.2725
 624.000      10.2166
 625.000      10.8121
 626.000      10.3893
 627.000      10.1428
 628.000       9.4725
 629.000       8.8302
 630.000       8.6228
 631.000       8.4352
 632.000       8.1825
 633.000       8.3942
 634.000       8.3999
 635.000       8.0761
 636.000       7.7925
 637.000       7.4522
 638.000       6.6798
 639.000       5.9944
 640.000       5.3015
 641.000       5.5429
 642.000       6.1273
 643.000       6.3717
 644.000       6.9460
 645.000       7.3824
 646.000       8.0629
 647.000       7.9641
 648.000       8.0685
 649.000       8.0272
 650.000       8.7153
 651.000       9.0782
 652.000       8.9214
 653.000       9.5982
 654.000      10.2976
 655.000      10.2335
 656.000      10.8126
 657.000      10.5168
 658.000      10.6785
 659.000       9.5951
 660.000       8.7016
 661.000       7.7981
 662.000       7.1131
 663.000       6.3734
 664.000       5.8948
 665.000       5.2891
 666.000       4.7167
 667.000       4.2052
 668.000       3.7978
 669.000       3.7821
 670.000       3.6616
 671.000       3.9862
 672.000       4.4975
 673.000       4.5834
 674.000       4.4518
 675.000       4.9149
 676.000       5.3731
 677.000       6.0063
 678.000       5.9501
 679.000       5.2715
 680.000       5.2514
 681.000       4.4839
 682.000       3.4238
 683.000       4.1114
 684.000       5.2203
 685.000       4.8508
 686.000       4.1841
 687.000       4.5755
 688.000       4.9793
 689.000       5.5463
 690.000       5.9272
 691.000       6.5300
 692.000       7.0142
 693.000       7.5185
 694.000       7.3676
 695.000       7.6443
 696.000       7.2787
 697.000       6.7508
 698.000       6.1422
 699.000       5.8870
 700.000       5.4540
 701.000       5.1584
 702.000       4.9193
 703.000       4.8284
 704.000       4.5619
 705.000       5.1127
 706.000       5.2630
 707.000       4.7633
 708.000       4.5669
 709.000       4.4393
 710.000       4.6144
 711.000       4.5167
 712.000       4.5088
 713.000       4.5085
 714.000       4.2027
 715.000       4.3816
 716.000       4.0200
 717.000       3.9684
 718.000       3.6369
 719.000       3.5634
 720.000       3.2175
 721.000       3.4461
 722.000       3.8348
 723.000       4.4904
 724.000       4.6870
 725.000       5.0128
 726.000       5.0898
 727.000       5.5777
 728.000       6.1005
 729.000       6.1122
 730.000       5.9753
 731.000       5.9823
 732.000       5.3655
 733.000       5.5875
 734.000       5.0743
 735.000       4.5410
 736.000       4.0547
 737.000       3.5779
 738.000       3.1444
 739.000       3.2518
 740.000       3.2453
 741.000       3.6088
 742.000       4.3267
 743.000       4.1407
 744.000       4.4393
 745.000       4.4683
 746.000       5.4820
 747.000       6.0072
 748.000       6.1080
 749.000       5.4732
 750.000       4.0257
 751.000       2.4010
 752.000       2.7454
 753.000       2.7813
 754.000       2.8140
 755.000       2.9544
 756.000       3.2530
 757.000       3.2550
 758.000       3.2523
 759.000       3.2026
 760.000       3.4144
 761.000       3.3692
 762.000       3.7004
 763.000       3.7449
 764.000       3.8463
 765.000       3.3627
 766.000       3.2418
 767.000       3.1045
 768.000       3.6756
 769.000       3.2464
 770.000       3.1355
 771.000       3.5875
 772.000       4.1310
 773.000       4.5219
 774.000       5.1401
 775.000       5.5007
 776.000       6.0329
 777.000       6.4342
 778.000       7.1055
 779.000       7.7782
 780.000       8.5065
 781.000       9.3178
 782.000      10.2570
 783.000      10.8081
 784.000      11.6930
 785.000      11.4556
 786.000      11.3153
 787.000      11.1553
 788.000      10.6805
 789.000      10.6315
 790.000      10.7165
 791.000      11.5438
