#Res        AtomicFlx
   1.000       3.0093
   2.000       2.2027
   3.000       1.8683
   4.000       1.7288
   5.000       1.7114
   6.000       1.5479
   7.000       1.3463
   8.000       1.3356
   9.000       1.3182
  10.000       1.1471
  11.000       1.0503
  12.000       1.1663
  13.000       1.1636
  14.000       0.9786
  15.000       1.0380
  16.000       1.1080
  17.000       1.0670
  18.000       1.0559
  19.000       1.2420
  20.000       1.1282
  21.000       1.1352
  22.000       1.1184
  23.000       1.1358
  24.000       1.2994
  25.000       1.3284
  26.000       1.2828
  27.000       1.4289
  28.000       1.6310
  29.000       1.6331
  30.000       1.6433
  31.000       1.8990
  32.000       2.0718
  33.000       2.0524
  34.000       2.2035
  35.000       2.4234
  36.000       2.8474
  37.000       2.7980
  38.000       2.9277
  39.000       2.6837
  40.000       2.3120
  41.000       2.3351
  42.000       2.3345
  43.000       2.0269
  44.000       1.8651
  45.000       1.9855
  46.000       1.8496
  47.000       1.6188
  48.000       1.6123
  49.000       1.5969
  50.000       1.4285
  51.000       1.3064
  52.000       1.3807
  53.000       1.3201
  54.000       1.1540
  55.000       1.1544
  56.000       1.2721
  57.000       1.2504
  58.000       1.1128
  59.000       1.2556
  60.000       1.4943
  61.000       1.4525
  62.000       1.4247
  63.000       1.7217
  64.000       1.8779
  65.000       1.7821
  66.000       1.9535
  67.000       1.9791
  68.000       2.2776
  69.000       2.1978
  70.000       1.9956
  71.000       2.1143
  72.000       1.8584
  73.000       1.8074
  74.000       1.6273
  75.000       1.3920
  76.000       1.4520
  77.000       1.3717
  78.000       1.1202
  79.000       1.1844
  80.000       1.3731
  81.000       1.2957
  82.000       1.2410
  83.000       1.5501
  84.000       1.7630
  85.000       1.9852
  86.000       1.8746
  87.000       2.0939
  88.000       2.2188
  89.000       1.8171
  90.000       1.5267
  91.000       1.4511
  92.000       1.5899
  93.000       1.5995
  94.000       1.3873
  95.000       1.4149
  96.000       1.5820
  97.000       1.4753
  98.000       1.3571
  99.000       1.5201
 100.000       1.5895
 101.000       1.4395
 102.000       1.4499
 103.000       1.6238
 104.000       1.5771
 105.000       1.4344
 106.000       1.5788
 107.000       1.7165
 108.000       1.5960
 109.000       1.5635
 110.000       1.8797
 111.000       2.0018
 112.000       2.1092
 113.000       1.8366
 114.000       1.6696
 115.000       1.8878
 116.000       2.1700
 117.000       2.7243
 118.000       3.1460
 119.000       2.9891
 120.000       3.5924
 121.000       2.9349
 122.000       2.5187
 123.000       2.1096
 124.000       1.7873
 125.000       1.7369
 126.000       1.5716
 127.000       1.9025
 128.000       2.3534
 129.000       1.7775
 130.000       1.4891
 131.000       1.6448
 132.000       1.6831
 133.000       1.5869
 134.000       1.6233
 135.000       1.7799
 136.000       1.8984
 137.000       1.8035
 138.000       1.9204
 139.000       1.7509
 140.000       1.6352
 141.000       1.6023
 142.000       1.4717
 143.000       1.3207
 144.000       1.2655
 145.000       1.2980
 146.000       1.2343
 147.000       1.1044
 148.000       1.1648
 149.000       1.2737
 150.000       1.2462
 151.000       1.1723
 152.000       1.4146
 153.000       1.5444
 154.000       1.3078
 155.000       1.1795
 156.000       1.2578
 157.000       1.3036
 158.000       1.1656
 159.000       1.1045
 160.000       1.2421
 161.000       1.1916
 162.000       1.0535
 163.000       1.1123
 164.000       1.1286
 165.000       1.0348
 166.000       0.9436
 167.000       0.9886
 168.000       1.0119
 169.000       0.9099
 170.000       0.9051
 171.000       1.0185
 172.000       1.0155
 173.000       0.9607
 174.000       1.1406
 175.000       1.2670
 176.000       1.1963
 177.000       1.2668
 178.000       1.1194
 179.000       1.1493
 180.000       0.9258
 181.000       0.8492
 182.000       0.8851
 183.000       0.8632
 184.000       0.8259
 185.000       0.8208
 186.000       0.8249
 187.000       0.9851
 188.000       1.0936
 189.000       0.9361
 190.000       0.9194
 191.000       0.9914
 192.000       1.5707
 193.000       1.9762
 194.000       1.8025
 195.000       2.0561
 196.000       2.0191
 197.000       1.5636
 198.000       1.4690
 199.000       1.0924
 200.000       0.9629
 201.000       1.0731
 202.000       1.2697
 203.000       1.1486
 204.000       1.1124
 205.000       1.1433
 206.000       1.1253
 207.000       0.9704
 208.000       0.8308
 209.000       0.8643
 210.000       0.9156
 211.000       0.8076
 212.000       0.7357
 213.000       0.7680
 214.000       0.7953
 215.000       0.7512
 216.000       0.7595
 217.000       0.7746
 218.000       0.7149
 219.000       0.6533
 220.000       0.6885
 221.000       0.7071
 222.000       0.6967
 223.000       0.6783
 224.000       0.7404
 225.000       0.8087
 226.000       0.8171
 227.000       0.8283
 228.000       0.9868
 229.000       1.1171
 230.000       1.1411
 231.000       1.2541
 232.000       1.5584
 233.000       1.6763
 234.000       1.5500
 235.000       1.9720
 236.000       1.8279
 237.000       1.5231
 238.000       1.3267
 239.000       1.3047
 240.000       1.3067
 241.000       1.0444
 242.000       0.8877
 243.000       0.8453
 244.000       0.8621
 245.000       1.0542
 246.000       1.2254
 247.000       1.2607
 248.000       1.4339
 249.000       1.4936
 250.000       1.2518
 251.000       1.1322
 252.000       1.1179
 253.000       1.0713
 254.000       0.9557
 255.000       1.1269
 256.000       1.1873
 257.000       1.1278
 258.000       1.4218
 259.000       1.5028
 260.000       1.6984
 261.000       1.7174
 262.000       2.0361
 263.000       2.9959
 264.000       3.5218
 265.000       3.0327
 266.000       3.4595
 267.000       3.1912
 268.000       3.2469
 269.000       4.0649
 270.000       3.3933
 271.000       3.0369
 272.000       3.1053
 273.000       2.7094
 274.000       2.1676
 275.000       1.4897
 276.000       1.6165
 277.000       1.7317
 278.000       1.6435
 279.000       1.6353
 280.000       1.9040
 281.000       2.0314
 282.000       1.9641
 283.000       1.9799
 284.000       1.7540
 285.000       1.7732
 286.000       1.7308
 287.000       1.5525
 288.000       1.3344
 289.000       1.1939
 290.000       1.2515
 291.000       1.2203
 292.000       1.0973
 293.000       1.0550
 294.000       1.0795
 295.000       1.0278
 296.000       0.8948
 297.000       0.9056
 298.000       1.0061
 299.000       1.0014
 300.000       1.0226
 301.000       1.0808
 302.000       0.9868
 303.000       1.1694
 304.000       1.3994
 305.000       1.6642
 306.000       2.0927
 307.000       2.3170
 308.000       1.7776
 309.000       1.5439
 310.000       1.7658
 311.000       1.7113
 312.000       1.4396
 313.000       1.4287
 314.000       1.4424
 315.000       1.6425
 316.000       2.5226
 317.000       2.9949
 318.000       3.6290
 319.000       4.2008
 320.000       5.5566
 321.000       6.3833
 322.000       6.3741
 323.000       5.1875
 324.000       4.9078
 325.000       3.5801
 326.000       2.2221
 327.000       1.6748
 328.000       1.3129
 329.000       1.1220
 330.000       1.0260
 331.000       1.3170
 332.000       1.1380
 333.000       1.1403
 334.000       1.3271
 335.000       1.6533
 336.000       1.4190
 337.000       1.1609
 338.000       1.0834
 339.000       1.0847
 340.000       1.1663
 341.000       1.3026
 342.000       1.4617
 343.000       1.6678
 344.000       1.6318
 345.000       1.8512
 346.000       1.5477
 347.000       1.3313
 348.000       1.1929
 349.000       1.2444
 350.000       1.1929
 351.000       1.0219
 352.000       0.9345
 353.000       0.9888
 354.000       0.9485
 355.000       0.8056
 356.000       0.7827
 357.000       0.8167
 358.000       0.7924
 359.000       0.7301
 360.000       0.7498
 361.000       0.7858
 362.000       0.7491
 363.000       0.6743
 364.000       0.7524
 365.000       0.8180
 366.000       0.8060
 367.000       0.8281
 368.000       0.9537
 369.000       1.0878
 370.000       0.9299
 371.000       0.9266
 372.000       0.8835
 373.000       0.9695
 374.000       0.8740
 375.000       0.9005
 376.000       0.8253
 377.000       0.9503
 378.000       0.8087
 379.000       0.7737
 380.000       0.8678
 381.000       0.7563
 382.000       0.7069
 383.000       0.7569
 384.000       0.7240
 385.000       0.6438
 386.000       0.7135
 387.000       0.7290
 388.000       0.7134
 389.000       0.7040
 390.000       0.7924
 391.000       0.8356
 392.000       0.8080
 393.000       0.8800
 394.000       0.9406
 395.000       0.9023
 396.000       0.8480
 397.000       0.8562
 398.000       0.9109
 399.000       0.9064
 400.000       0.9290
 401.000       1.0767
 402.000       1.2433
 403.000       1.3123
 404.000       1.4344
 405.000       1.3699
 406.000       1.2979
 407.000       1.6404
 408.000       2.2695
 409.000       2.3726
 410.000       2.2902
 411.000       2.1281
 412.000       1.5427
 413.000       1.4779
 414.000       1.3557
 415.000       1.2623
 416.000       1.0835
 417.000       0.9770
 418.000       0.9533
 419.000       0.9552
 420.000       0.8805
 421.000       0.7850
 422.000       0.7873
 423.000       0.8195
 424.000       0.7701
 425.000       0.7276
 426.000       0.7865
 427.000       0.8605
 428.000       0.8365
 429.000       0.7865
 430.000       0.7728
 431.000       0.7711
 432.000       0.7574
 433.000       0.7148
 434.000       0.7459
 435.000       0.7770
 436.000       0.7067
 437.000       0.7011
 438.000       0.7331
 439.000       0.6629
 440.000       0.6900
 441.000       0.6888
 442.000       0.6984
 443.000       0.7415
 444.000       0.7911
 445.000       0.8284
 446.000       0.8979
 447.000       1.0196
 448.000       1.0703
 449.000       1.1641
 450.000       1.1802
 451.000       1.2076
 452.000       1.2222
 453.000       1.2399
 454.000       1.0103
 455.000       0.9040
 456.000       0.9185
 457.000       0.9622
 458.000       0.8316
 459.000       0.7506
 460.000       0.8053
 461.000       0.7862
 462.000       0.7224
 463.000       0.7256
 464.000       0.7864
 465.000       0.8147
 466.000       0.7312
 467.000       0.6997
 468.000       0.7032
 469.000       0.8771
 470.000       0.9215
 471.000       1.0079
 472.000       1.1426
 473.000       1.1195
 474.000       1.1231
 475.000       1.0442
 476.000       1.1483
 477.000       1.2301
 478.000       1.1985
 479.000       1.3618
 480.000       1.1163
 481.000       0.9246
 482.000       1.1031
 483.000       1.1726
 484.000       1.1948
 485.000       1.1871
 486.000       1.5616
 487.000       1.9356
 488.000       2.0148
 489.000       2.2646
 490.000       1.9124
 491.000       1.3404
 492.000       0.9566
 493.000       0.7866
 494.000       0.7055
 495.000       0.7018
 496.000       0.6999
 497.000       0.7077
 498.000       0.6800
 499.000       0.6539
 500.000       0.6661
 501.000       0.7479
 502.000       0.6853
 503.000       0.6274
 504.000       0.6240
 505.000       0.6445
 506.000       0.6658
 507.000       0.6530
 508.000       0.6910
 509.000       0.7994
 510.000       0.7995
 511.000       0.7042
 512.000       0.8171
 513.000       0.9593
 514.000       0.9750
 515.000       1.0787
 516.000       1.2667
 517.000       1.3316
 518.000       2.0019
 519.000       1.8328
 520.000       1.4506
 521.000       1.1255
 522.000       1.2230
 523.000       1.2540
 524.000       1.1730
 525.000       1.1148
 526.000       0.9476
 527.000       1.2915
 528.000       1.4663
 529.000       1.4896
 530.000       1.2860
 531.000       0.9905
 532.000       0.8520
 533.000       0.8257
 534.000       0.9029
 535.000       0.9025
 536.000       0.7335
 537.000       0.7793
 538.000       0.9109
 539.000       0.7674
 540.000       0.7003
 541.000       0.8417
 542.000       0.9184
 543.000       0.9222
 544.000       0.8990
 545.000       0.9592
 546.000       0.8168
 547.000       0.7716
 548.000       0.6895
 549.000       0.7164
 550.000       0.7803
 551.000       0.7591
 552.000       0.7835
 553.000       0.9058
 554.000       0.9445
 555.000       0.8572
 556.000       0.9671
 557.000       1.1652
 558.000       1.0808
 559.000       1.0089
 560.000       0.9738
 561.000       0.9581
 562.000       0.8359
 563.000       0.8105
 564.000       0.7785
 565.000       0.7212
 566.000       0.7332
 567.000       0.7876
 568.000       0.7995
 569.000       0.7477
 570.000       0.7520
 571.000       0.8294
 572.000       0.8757
 573.000       0.7984
 574.000       0.8032
 575.000       0.9426
 576.000       0.9656
 577.000       0.9443
 578.000       1.1136
 579.000       1.2998
 580.000       1.4047
 581.000       1.5626
 582.000       2.4206
 583.000       2.7557
 584.000       2.0081
 585.000       1.2933
 586.000       1.2333
 587.000       1.1940
 588.000       0.9159
 589.000       1.0595
 590.000       1.5126
 591.000       2.5604
 592.000       2.6752
 593.000       3.1769
 594.000       3.8532
 595.000       5.6256
 596.000       6.9971
 597.000       8.3537
 598.000       7.1490
 599.000       6.3626
 600.000       5.8755
 601.000       5.4614
 602.000       5.0818
 603.000       4.7520
 604.000       4.7221
 605.000       4.5214
 606.000       4.1710
 607.000       4.0148
 608.000       4.2760
 609.000       4.0248
 610.000       4.3070
 611.000       3.9141
 612.000       3.1955
 613.000       2.9563
 614.000       2.7701
 615.000       2.7107
 616.000       2.7528
 617.000       3.0169
 618.000       3.2544
 619.000       3.5840
 620.000       3.9798
 621.000       4.3771
 622.000       4.9213
 623.000       5.2522
 624.000       5.7789
 625.000       6.2710
 626.000       6.2022
 627.000       6.0827
 628.000       6.1150
 629.000       5.9304
 630.000       5.9252
 631.000       5.9514
 632.000       5.4761
 633.000       5.2318
 634.000       5.5044
 635.000       5.5107
 636.000       5.1666
 637.000       4.8204
 638.000       4.7767
 639.000       4.5762
 640.000       4.3181
 641.000       4.0943
 642.000       4.4688
 643.000       4.4287
 644.000       4.8326
 645.000       4.9888
 646.000       5.5555
 647.000       5.5981
 648.000       6.0063
 649.000       6.5648
 650.000       7.2126
 651.000       6.9951
 652.000       6.7189
 653.000       7.1595
 654.000       7.5135
 655.000       7.2908
 656.000       7.0012
 657.000       6.6092
 658.000       6.3776
 659.000       5.6870
 660.000       5.0882
 661.000       4.5345
 662.000       4.1290
 663.000       3.7467
 664.000       3.3972
 665.000       3.0384
 666.000       2.7068
 667.000       2.6164
 668.000       2.5933
 669.000       2.8486
 670.000       2.8562
 671.000       2.8398
 672.000       3.1828
 673.000       3.4153
 674.000       3.2844
 675.000       3.4856
 676.000       3.8065
 677.000       4.1696
 678.000       4.1587
 679.000       3.6898
 680.000       3.3313
 681.000       2.8982
 682.000       2.5552
 683.000       2.6985
 684.000       3.0433
 685.000       2.9910
 686.000       2.6995
 687.000       2.8163
 688.000       3.0936
 689.000       3.5579
 690.000       3.9092
 691.000       4.3296
 692.000       4.7105
 693.000       4.9985
 694.000       4.8675
 695.000       4.9450
 696.000       4.7430
 697.000       4.3616
 698.000       4.0521
 699.000       3.7878
 700.000       3.6222
 701.000       3.3821
 702.000       3.3534
 703.000       3.1784
 704.000       3.2281
 705.000       3.5135
 706.000       3.3085
 707.000       2.9661
 708.000       3.0831
 709.000       3.2271
 710.000       3.5337
 711.000       3.3931
 712.000       2.9781
 713.000       2.7066
 714.000       2.6043
 715.000       2.6080
 716.000       2.3870
 717.000       2.3361
 718.000       2.1328
 719.000       2.1310
 720.000       1.9642
 721.000       2.2166
 722.000       2.6006
 723.000       3.0622
 724.000       3.1414
 725.000       3.3694
 726.000       3.5115
 727.000       3.8226
 728.000       4.0573
 729.000       3.9141
 730.000       3.6271
 731.000       3.5290
 732.000       3.2602
 733.000       3.7122
 734.000       3.4837
 735.000       3.3753
 736.000       2.8765
 737.000       2.5406
 738.000       2.2166
 739.000       2.3787
 740.000       2.4152
 741.000       3.0697
 742.000       3.6797
 743.000       3.7095
 744.000       3.6364
 745.000       3.5499
 746.000       4.4974
 747.000       5.1056
 748.000       5.2713
 749.000       5.2357
 750.000       4.4217
 751.000       3.0400
 752.000       2.4604
 753.000       2.1554
 754.000       2.0125
 755.000       2.0265
 756.000       2.0278
 757.000       2.0169
 758.000       1.9694
 759.000       2.0389
 760.000       2.1923
 761.000       2.4309
 762.000       2.6235
 763.000       2.9526
 764.000       3.3674
 765.000       3.3600
 766.000       3.1601
 767.000       3.1431
 768.000       3.3747
 769.000       2.8862
 770.000       2.6615
 771.000       2.7627
 772.000       2.8187
 773.000       2.9033
 774.000       3.1543
 775.000       3.3154
 776.000       3.6828
 777.000       3.9217
 778.000       4.3791
 779.000       4.7352
 780.000       5.4225
 781.000       6.0782
 782.000       7.1604
 783.000       8.2695
 784.000       8.6599
 785.000       9.2755
 786.000       9.1099
 787.000       8.1700
 788.000       8.1194
 789.000       7.5638
 790.000       7.3195
 791.000       8.3553
