#Res        AtomicFlx
   1.000       3.6293
   2.000       2.4217
   3.000       1.9912
   4.000       1.8534
   5.000       1.8177
   6.000       1.5911
   7.000       1.3747
   8.000       1.3840
   9.000       1.3566
  10.000       1.1494
  11.000       1.0865
  12.000       1.2500
  13.000       1.2378
  14.000       1.0980
  15.000       1.2257
  16.000       1.3059
  17.000       1.2770
  18.000       1.1770
  19.000       1.2636
  20.000       1.4364
  21.000       1.4520
  22.000       1.3631
  23.000       1.4571
  24.000       1.6828
  25.000       1.6846
  26.000       1.6051
  27.000       1.7833
  28.000       2.0155
  29.000       1.9701
  30.000       1.9214
  31.000       2.1924
  32.000       2.3223
  33.000       2.1697
  34.000       2.2287
  35.000       2.6122
  36.000       3.1022
  37.000       3.2475
  38.000       3.5014
  39.000       3.3031
  40.000       2.7884
  41.000       2.8123
  42.000       2.9169
  43.000       2.5716
  44.000       2.3110
  45.000       2.4436
  46.000       2.3392
  47.000       2.0618
  48.000       1.9995
  49.000       1.9612
  50.000       1.7608
  51.000       1.5828
  52.000       1.6074
  53.000       1.5080
  54.000       1.3169
  55.000       1.2993
  56.000       1.4539
  57.000       1.4089
  58.000       1.2795
  59.000       1.4454
  60.000       1.6726
  61.000       1.6023
  62.000       1.6062
  63.000       1.9180
  64.000       2.0036
  65.000       1.8985
  66.000       2.1411
  67.000       2.2300
  68.000       2.5864
  69.000       2.4651
  70.000       2.2818
  71.000       2.4335
  72.000       2.1354
  73.000       2.1130
  74.000       1.8340
  75.000       1.5744
  76.000       1.7321
  77.000       1.6805
  78.000       1.3240
  79.000       1.3977
  80.000       1.7120
  81.000       1.6217
  82.000       1.5054
  83.000       1.9213
  84.000       2.2660
  85.000       2.5211
  86.000       2.6979
  87.000       3.1665
  88.000       3.1410
  89.000       2.4146
  90.000       1.7785
  91.000       1.5551
  92.000       1.6389
  93.000       1.5605
  94.000       1.4251
  95.000       1.5572
  96.000       1.6374
  97.000       1.4880
  98.000       1.5080
  99.000       1.7554
 100.000       1.7598
 101.000       1.6230
 102.000       1.7475
 103.000       1.9700
 104.000       1.8679
 105.000       1.7525
 106.000       2.0462
 107.000       2.2273
 108.000       1.9938
 109.000       2.0242
 110.000       2.5382
 111.000       2.6758
 112.000       2.4617
 113.000       2.1413
 114.000       2.0702
 115.000       2.5077
 116.000       3.0898
 117.000       4.1364
 118.000       4.8748
 119.000       4.5384
 120.000       4.9355
 121.000       3.8716
 122.000       3.0992
 123.000       2.5878
 124.000       2.2288
 125.000       2.3257
 126.000       2.4149
 127.000       2.8191
 128.000       2.8448
 129.000       2.4832
 130.000       2.2778
 131.000       2.3835
 132.000       2.4475
 133.000       2.4115
 134.000       2.4673
 135.000       2.6200
 136.000       2.6520
 137.000       2.5479
 138.000       2.8105
 139.000       2.5973
 140.000       2.4081
 141.000       2.3529
 142.000       2.1823
 143.000       1.9627
 144.000       1.8685
 145.000       1.8438
 146.000       1.7516
 147.000       1.5844
 148.000       1.5730
 149.000       1.7037
 150.000       1.6293
 151.000       1.5263
 152.000       1.7633
 153.000       1.8648
 154.000       1.6316
 155.000       1.4998
 156.000       1.6072
 157.000       1.6314
 158.000       1.3980
 159.000       1.2621
 160.000       1.3558
 161.000       1.2758
 162.000       1.1231
 163.000       1.1620
 164.000       1.1599
 165.000       1.0867
 166.000       1.0442
 167.000       1.0943
 168.000       1.1069
 169.000       1.0693
 170.000       1.0881
 171.000       1.1728
 172.000       1.2298
 173.000       1.2101
 174.000       1.2938
 175.000       1.4431
 176.000       1.3444
 177.000       1.3187
 178.000       1.1796
 179.000       1.2084
 180.000       1.0253
 181.000       0.9295
 182.000       0.9253
 183.000       0.9815
 184.000       0.9569
 185.000       0.9583
 186.000       0.9860
 187.000       1.1343
 188.000       1.1840
 189.000       1.0238
 190.000       1.1061
 191.000       1.3787
 192.000       1.9406
 193.000       2.6079
 194.000       2.3582
 195.000       2.6832
 196.000       2.2366
 197.000       2.0790
 198.000       1.8986
 199.000       1.3503
 200.000       1.3288
 201.000       1.2775
 202.000       1.4085
 203.000       1.3384
 204.000       1.2319
 205.000       1.3014
 206.000       1.2618
 207.000       1.0433
 208.000       0.9317
 209.000       0.9963
 210.000       0.9697
 211.000       0.8666
 212.000       0.8629
 213.000       0.8752
 214.000       0.8770
 215.000       0.8014
 216.000       0.8493
 217.000       0.8437
 218.000       0.7760
 219.000       0.7536
 220.000       0.7500
 221.000       0.7957
 222.000       0.8250
 223.000       0.7896
 224.000       0.8027
 225.000       0.9298
 226.000       1.0184
 227.000       0.9059
 228.000       1.0312
 229.000       1.3103
 230.000       1.2614
 231.000       1.2503
 232.000       1.6223
 233.000       1.7066
 234.000       1.5157
 235.000       2.1349
 236.000       2.5247
 237.000       2.7267
 238.000       3.0961
 239.000       2.9372
 240.000       3.6072
 241.000       2.3366
 242.000       1.3779
 243.000       1.2899
 244.000       1.1468
 245.000       1.3022
 246.000       1.3219
 247.000       1.7032
 248.000       1.9539
 249.000       1.9229
 250.000       2.1513
 251.000       2.1500
 252.000       1.8986
 253.000       1.8298
 254.000       1.5664
 255.000       1.4873
 256.000       1.6601
 257.000       1.2991
 258.000       1.3459
 259.000       1.5262
 260.000       1.5502
 261.000       1.5289
 262.000       2.0602
 263.000       2.5557
 264.000       2.8195
 265.000       2.6222
 266.000       4.1200
 267.000       3.8758
 268.000       4.6726
 269.000       5.4945
 270.000       4.1216
 271.000       3.2091
 272.000       2.4840
 273.000       2.5903
 274.000       2.2824
 275.000       1.5489
 276.000       1.7259
 277.000       1.8165
 278.000       1.6077
 279.000       1.6650
 280.000       1.9814
 281.000       2.0150
 282.000       1.9121
 283.000       2.0505
 284.000       1.8901
 285.000       1.8590
 286.000       1.9428
 287.000       1.9205
 288.000       1.6688
 289.000       1.5986
 290.000       1.6646
 291.000       1.5533
 292.000       1.3180
 293.000       1.1944
 294.000       1.1822
 295.000       1.1493
 296.000       0.8978
 297.000       0.9113
 298.000       1.2100
 299.000       1.1601
 300.000       1.3310
 301.000       1.5549
 302.000       1.2570
 303.000       1.6451
 304.000       1.9872
 305.000       2.1114
 306.000       2.5284
 307.000       2.7499
 308.000       2.2628
 309.000       1.9265
 310.000       2.0300
 311.000       2.1977
 312.000       2.0567
 313.000       2.0371
 314.000       2.0468
 315.000       2.2822
 316.000       2.3125
 317.000       3.0515
 318.000       3.7711
 319.000       3.7859
 320.000       4.8700
 321.000       5.0602
 322.000       4.3298
 323.000       4.7435
 324.000       3.6564
 325.000       2.7714
 326.000       2.4114
 327.000       2.1215
 328.000       1.8211
 329.000       1.4570
 330.000       1.2169
 331.000       1.3115
 332.000       1.3153
 333.000       1.3877
 334.000       1.5488
 335.000       1.7236
 336.000       1.6713
 337.000       1.4965
 338.000       1.4973
 339.000       1.4741
 340.000       1.6364
 341.000       1.7886
 342.000       2.0177
 343.000       1.9925
 344.000       1.9653
 345.000       2.0888
 346.000       1.9820
 347.000       1.7595
 348.000       1.5802
 349.000       1.7894
 350.000       1.7707
 351.000       1.3750
 352.000       1.2739
 353.000       1.4640
 354.000       1.3575
 355.000       0.9829
 356.000       0.9252
 357.000       1.0444
 358.000       0.9789
 359.000       0.7683
 360.000       0.7967
 361.000       0.9241
 362.000       0.8886
 363.000       0.7831
 364.000       0.9603
 365.000       1.0804
 366.000       1.0481
 367.000       1.0733
 368.000       1.3120
 369.000       1.4659
 370.000       1.1928
 371.000       1.0852
 372.000       1.0159
 373.000       1.1021
 374.000       1.0457
 375.000       1.0867
 376.000       0.9091
 377.000       0.9849
 378.000       0.8772
 379.000       0.8561
 380.000       0.9873
 381.000       0.9135
 382.000       0.7730
 383.000       0.8118
 384.000       0.8581
 385.000       0.7326
 386.000       0.7329
 387.000       0.7552
 388.000       0.7787
 389.000       0.7549
 390.000       0.7803
 391.000       0.9666
 392.000       1.0122
 393.000       0.9643
 394.000       0.9943
 395.000       1.0666
 396.000       0.9433
 397.000       0.9443
 398.000       0.9161
 399.000       0.8735
 400.000       0.9161
 401.000       1.0111
 402.000       1.1918
 403.000       1.3242
 404.000       1.3904
 405.000       1.3793
 406.000       1.2779
 407.000       1.4764
 408.000       1.8245
 409.000       1.9311
 410.000       1.6153
 411.000       1.7551
 412.000       2.3603
 413.000       1.6437
 414.000       2.1836
 415.000       1.9246
 416.000       1.5662
 417.000       1.2933
 418.000       1.1256
 419.000       1.1627
 420.000       1.0816
 421.000       0.8839
 422.000       0.8385
 423.000       0.9450
 424.000       0.8953
 425.000       0.8003
 426.000       0.8759
 427.000       0.9461
 428.000       1.0023
 429.000       1.5570
 430.000       1.7787
 431.000       1.1589
 432.000       0.9312
 433.000       0.8663
 434.000       0.8345
 435.000       0.9100
 436.000       0.8585
 437.000       0.7543
 438.000       0.7174
 439.000       0.7134
 440.000       0.7748
 441.000       0.7474
 442.000       0.7437
 443.000       0.8187
 444.000       0.8972
 445.000       0.8945
 446.000       0.9445
 447.000       1.1050
 448.000       1.1933
 449.000       1.2852
 450.000       1.2811
 451.000       1.2920
 452.000       1.2823
 453.000       1.3541
 454.000       1.1260
 455.000       0.9598
 456.000       0.9824
 457.000       1.0714
 458.000       0.9503
 459.000       0.8460
 460.000       0.9661
 461.000       0.9988
 462.000       0.9106
 463.000       0.9438
 464.000       1.0870
 465.000       1.0910
 466.000       0.9306
 467.000       0.9096
 468.000       0.9354
 469.000       1.0484
 470.000       1.1270
 471.000       1.1913
 472.000       1.3243
 473.000       1.3648
 474.000       1.4144
 475.000       1.3215
 476.000       1.3569
 477.000       1.3587
 478.000       1.4067
 479.000       1.2470
 480.000       1.1464
 481.000       1.0553
 482.000       1.1599
 483.000       1.2821
 484.000       1.4430
 485.000       1.5393
 486.000       1.6687
 487.000       1.8738
 488.000       1.9040
 489.000       1.8724
 490.000       1.9446
 491.000       1.7290
 492.000       1.4239
 493.000       1.1671
 494.000       0.9572
 495.000       0.8469
 496.000       0.8138
 497.000       0.8424
 498.000       0.8223
 499.000       0.7979
 500.000       0.8466
 501.000       0.9703
 502.000       0.8794
 503.000       0.7804
 504.000       0.7318
 505.000       0.7670
 506.000       0.7472
 507.000       0.6987
 508.000       0.7291
 509.000       0.7957
 510.000       0.7999
 511.000       0.7342
 512.000       0.8096
 513.000       0.9354
 514.000       0.9618
 515.000       1.0466
 516.000       1.1512
 517.000       1.2303
 518.000       1.8815
 519.000       1.7243
 520.000       1.2082
 521.000       1.0161
 522.000       1.0855
 523.000       1.0277
 524.000       1.0019
 525.000       1.0282
 526.000       1.0753
 527.000       1.4991
 528.000       1.5243
 529.000       1.5050
 530.000       1.2060
 531.000       1.0925
 532.000       0.9474
 533.000       0.9775
 534.000       0.9736
 535.000       0.9894
 536.000       0.9748
 537.000       0.9347
 538.000       1.2082
 539.000       1.2270
 540.000       0.9166
 541.000       1.0702
 542.000       1.1311
 543.000       1.0385
 544.000       1.1327
 545.000       1.1671
 546.000       1.4153
 547.000       1.1045
 548.000       1.0007
 549.000       0.9299
 550.000       1.0261
 551.000       1.1248
 552.000       1.0875
 553.000       1.1631
 554.000       1.3994
 555.000       1.1217
 556.000       1.0671
 557.000       1.3229
 558.000       1.3434
 559.000       1.1905
 560.000       1.0600
 561.000       1.0628
 562.000       0.9457
 563.000       0.9770
 564.000       0.9048
 565.000       0.8166
 566.000       0.8539
 567.000       0.9329
 568.000       0.8956
 569.000       0.8289
 570.000       0.8543
 571.000       0.9158
 572.000       0.9801
 573.000       0.9227
 574.000       0.9074
 575.000       1.0987
 576.000       1.1654
 577.000       1.1549
 578.000       1.3612
 579.000       1.7524
 580.000       2.0224
 581.000       2.2935
 582.000       2.9097
 583.000       2.5665
 584.000       1.9594
 585.000       1.3731
 586.000       1.4205
 587.000       1.6109
 588.000       1.5262
 589.000       2.6472
 590.000       3.5434
 591.000       4.8054
 592.000       6.0852
 593.000       7.9118
 594.000       9.8499
 595.000      11.0701
 596.000      11.6454
 597.000      12.8424
 598.000       8.8412
 599.000       7.7534
 600.000       7.1077
 601.000       6.5515
 602.000       6.3567
 603.000       5.9376
 604.000       5.8201
 605.000       5.7784
 606.000       5.4033
 607.000       5.2704
 608.000       5.4012
 609.000       4.9509
 610.000       4.8342
 611.000       4.5298
 612.000       3.8216
 613.000       3.4763
 614.000       3.2358
 615.000       3.1220
 616.000       3.1128
 617.000       3.4766
 618.000       3.7665
 619.000       4.1677
 620.000       4.6408
 621.000       5.1002
 622.000       5.6802
 623.000       6.0186
 624.000       6.6487
 625.000       7.1482
 626.000       7.1077
 627.000       7.0610
 628.000       6.6691
 629.000       6.4090
 630.000       6.1335
 631.000       6.2793
 632.000       6.0540
 633.000       5.8726
 634.000       5.9027
 635.000       5.8535
 636.000       5.5813
 637.000       5.6250
 638.000       5.3729
 639.000       5.4528
 640.000       5.1149
 641.000       4.6157
 642.000       4.9504
 643.000       4.8989
 644.000       5.3304
 645.000       5.5150
 646.000       6.0634
 647.000       6.0445
 648.000       6.2731
 649.000       6.2956
 650.000       6.8358
 651.000       6.8917
 652.000       6.6149
 653.000       7.0558
 654.000       7.3873
 655.000       7.1545
 656.000       7.2083
 657.000       6.9599
 658.000       6.8611
 659.000       6.3270
 660.000       5.8007
 661.000       5.2632
 662.000       4.8532
 663.000       4.3635
 664.000       3.9574
 665.000       3.5215
 666.000       3.0361
 667.000       2.7387
 668.000       2.5445
 669.000       2.7404
 670.000       2.7528
 671.000       2.9172
 672.000       3.3434
 673.000       3.5372
 674.000       3.5051
 675.000       3.8096
 676.000       4.1829
 677.000       4.5565
 678.000       4.4993
 679.000       3.9879
 680.000       3.5386
 681.000       3.0776
 682.000       2.7482
 683.000       2.9691
 684.000       3.3360
 685.000       3.2105
 686.000       2.9158
 687.000       3.1227
 688.000       3.4418
 689.000       3.8898
 690.000       4.2447
 691.000       4.6707
 692.000       5.0400
 693.000       5.3753
 694.000       5.2976
 695.000       5.4522
 696.000       5.2893
 697.000       4.9303
 698.000       4.5573
 699.000       4.2751
 700.000       3.8969
 701.000       3.5599
 702.000       3.3273
 703.000       3.1252
 704.000       2.9050
 705.000       3.2411
 706.000       3.3091
 707.000       2.9483
 708.000       2.8007
 709.000       2.6909
 710.000       2.9303
 711.000       2.6760
 712.000       2.5263
 713.000       2.4679
 714.000       2.5977
 715.000       2.8017
 716.000       2.5808
 717.000       2.5372
 718.000       2.3010
 719.000       2.3082
 720.000       2.1066
 721.000       2.2856
 722.000       2.6595
 723.000       3.0099
 724.000       3.2075
 725.000       3.5213
 726.000       3.6809
 727.000       4.0166
 728.000       4.3309
 729.000       4.2734
 730.000       3.9487
 731.000       3.8618
 732.000       3.5473
 733.000       3.9459
 734.000       3.6389
 735.000       3.3336
 736.000       2.8204
 737.000       2.4525
 738.000       2.1455
 739.000       2.3029
 740.000       2.3935
 741.000       2.7085
 742.000       3.1962
 743.000       3.0919
 744.000       3.3339
 745.000       3.3461
 746.000       4.2294
 747.000       4.3810
 748.000       3.9375
 749.000       3.3585
 750.000       2.6181
 751.000       2.0472
 752.000       1.9919
 753.000       1.8870
 754.000       1.8635
 755.000       1.9122
 756.000       2.0883
 757.000       2.1171
 758.000       2.0803
 759.000       2.0613
 760.000       2.1563
 761.000       2.1293
 762.000       2.1962
 763.000       2.1360
 764.000       2.3171
 765.000       2.0784
 766.000       2.0592
 767.000       2.1663
 768.000       2.5145
 769.000       2.3796
 770.000       2.1188
 771.000       2.3670
 772.000       2.6959
 773.000       3.0311
 774.000       3.4868
 775.000       3.8160
 776.000       4.2666
 777.000       4.5289
 778.000       5.0083
 779.000       5.3580
 780.000       5.9673
 781.000       6.4820
 782.000       7.0866
 783.000       7.4566
 784.000       8.0273
 785.000       7.9877
 786.000       7.7685
 787.000       7.6912
 788.000       7.4293
 789.000       7.1289
 790.000       7.5388
 791.000       8.1764
