#Res        AtomicFlx
   1.000       3.1658
   2.000       2.5025
   3.000       2.1775
   4.000       2.0252
   5.000       2.0017
   6.000       1.8204
   7.000       1.6013
   8.000       1.5930
   9.000       1.5780
  10.000       1.3746
  11.000       1.2384
  12.000       1.3722
  13.000       1.3598
  14.000       1.1199
  15.000       1.2022
  16.000       1.2528
  17.000       1.2785
  18.000       1.0525
  19.000       1.0606
  20.000       1.1093
  21.000       1.1283
  22.000       1.0613
  23.000       1.0678
  24.000       1.1943
  25.000       1.1706
  26.000       1.1183
  27.000       1.2038
  28.000       1.3097
  29.000       1.2872
  30.000       1.2894
  31.000       1.4305
  32.000       1.4876
  33.000       1.4653
  34.000       1.5655
  35.000       1.7022
  36.000       2.0274
  37.000       2.0044
  38.000       2.1526
  39.000       2.0241
  40.000       1.7365
  41.000       1.7592
  42.000       1.8023
  43.000       1.6015
  44.000       1.4827
  45.000       1.5992
  46.000       1.5226
  47.000       1.3566
  48.000       1.3398
  49.000       1.3655
  50.000       1.2693
  51.000       1.1376
  52.000       1.1902
  53.000       1.2212
  54.000       1.1145
  55.000       1.0685
  56.000       1.1987
  57.000       1.3224
  58.000       1.2033
  59.000       1.2922
  60.000       1.5707
  61.000       1.6362
  62.000       1.6311
  63.000       1.9011
  64.000       2.0797
  65.000       2.0102
  66.000       2.2832
  67.000       2.3361
  68.000       2.6930
  69.000       2.6067
  70.000       2.3442
  71.000       2.4366
  72.000       2.1161
  73.000       2.0112
  74.000       1.7634
  75.000       1.6017
  76.000       1.6995
  77.000       1.5710
  78.000       1.3092
  79.000       1.4026
  80.000       1.5463
  81.000       1.3790
  82.000       1.2776
  83.000       1.5111
  84.000       1.6639
  85.000       1.8084
  86.000       1.8330
  87.000       1.9713
  88.000       2.0611
  89.000       1.8042
  90.000       1.5742
  91.000       1.5460
  92.000       1.6305
  93.000       1.5683
  94.000       1.3804
  95.000       1.4174
  96.000       1.4890
  97.000       1.3422
  98.000       1.2700
  99.000       1.4012
 100.000       1.3887
 101.000       1.2381
 102.000       1.2930
 103.000       1.4247
 104.000       1.3371
 105.000       1.2589
 106.000       1.4121
 107.000       1.4920
 108.000       1.3975
 109.000       1.4289
 110.000       1.6767
 111.000       1.7858
 112.000       1.7115
 113.000       1.8269
 114.000       1.9989
 115.000       2.9831
 116.000       4.0575
 117.000       5.3906
 118.000       6.2170
 119.000       5.3462
 120.000       5.3780
 121.000       4.6265
 122.000       3.4608
 123.000       2.5153
 124.000       1.9531
 125.000       1.7434
 126.000       1.5557
 127.000       2.3046
 128.000       2.2421
 129.000       1.5663
 130.000       1.3138
 131.000       1.3539
 132.000       1.5803
 133.000       1.5520
 134.000       1.5930
 135.000       1.8158
 136.000       1.9929
 137.000       2.0179
 138.000       2.2786
 139.000       2.1704
 140.000       1.9646
 141.000       1.9962
 142.000       1.8322
 143.000       1.5037
 144.000       1.4453
 145.000       1.5231
 146.000       1.3756
 147.000       1.1628
 148.000       1.3801
 149.000       1.6885
 150.000       1.6581
 151.000       1.7603
 152.000       1.5168
 153.000       1.7071
 154.000       1.2846
 155.000       1.1974
 156.000       1.2672
 157.000       1.2141
 158.000       1.0929
 159.000       1.0521
 160.000       1.1165
 161.000       1.0482
 162.000       0.9449
 163.000       1.0091
 164.000       1.0175
 165.000       0.9584
 166.000       0.9222
 167.000       1.0040
 168.000       1.0502
 169.000       0.9584
 170.000       0.9912
 171.000       1.1541
 172.000       1.1302
 173.000       1.0399
 174.000       1.2549
 175.000       1.3936
 176.000       1.2286
 177.000       1.2608
 178.000       1.1178
 179.000       1.1368
 180.000       0.8771
 181.000       0.8252
 182.000       0.8107
 183.000       0.8279
 184.000       0.8601
 185.000       0.9662
 186.000       0.9416
 187.000       1.0479
 188.000       1.1072
 189.000       0.9111
 190.000       0.9777
 191.000       1.0366
 192.000       1.4311
 193.000       1.8204
 194.000       1.7630
 195.000       2.2788
 196.000       1.8336
 197.000       1.4521
 198.000       1.2707
 199.000       1.0627
 200.000       1.0735
 201.000       1.1852
 202.000       1.3383
 203.000       1.1956
 204.000       1.0840
 205.000       1.1648
 206.000       1.1446
 207.000       0.9609
 208.000       0.8647
 209.000       0.9117
 210.000       0.9161
 211.000       0.8020
 212.000       0.7632
 213.000       0.7926
 214.000       0.7841
 215.000       0.7452
 216.000       0.7691
 217.000       0.8189
 218.000       0.7444
 219.000       0.6659
 220.000       0.7053
 221.000       0.7332
 222.000       0.6966
 223.000       0.6837
 224.000       0.7572
 225.000       0.7938
 226.000       0.7820
 227.000       0.7996
 228.000       0.9164
 229.000       0.9937
 230.000       0.9999
 231.000       1.1237
 232.000       1.3715
 233.000       1.4044
 234.000       1.2865
 235.000       1.4277
 236.000       1.5077
 237.000       1.3822
 238.000       1.1566
 239.000       1.1012
 240.000       1.0862
 241.000       0.9214
 242.000       0.8435
 243.000       0.8217
 244.000       0.8270
 245.000       0.9294
 246.000       0.9559
 247.000       1.0631
 248.000       1.1462
 249.000       1.1861
 250.000       1.1092
 251.000       0.9796
 252.000       0.9630
 253.000       0.9464
 254.000       0.9434
 255.000       1.1163
 256.000       1.0010
 257.000       0.9654
 258.000       1.1078
 259.000       1.3468
 260.000       1.4082
 261.000       1.9642
 262.000       2.7655
 263.000       2.8000
 264.000       2.9491
 265.000       2.5734
 266.000       3.4298
 267.000       3.6837
 268.000       3.9418
 269.000       4.0343
 270.000       3.9607
 271.000       4.0683
 272.000       3.8964
 273.000       3.3259
 274.000       2.3192
 275.000       1.6370
 276.000       1.6133
 277.000       1.8236
 278.000       1.7249
 279.000       1.5926
 280.000       1.8446
 281.000       2.0339
 282.000       1.9297
 283.000       1.8864
 284.000       1.6359
 285.000       1.5191
 286.000       1.5089
 287.000       1.4707
 288.000       1.2930
 289.000       1.1386
 290.000       1.1429
 291.000       1.1857
 292.000       1.1261
 293.000       1.0917
 294.000       1.0824
 295.000       1.0282
 296.000       0.9447
 297.000       1.0656
 298.000       1.1994
 299.000       1.2081
 300.000       1.3449
 301.000       1.4261
 302.000       1.1558
 303.000       1.2559
 304.000       1.4338
 305.000       1.4577
 306.000       1.5801
 307.000       1.7328
 308.000       1.5516
 309.000       1.2746
 310.000       1.3593
 311.000       1.4465
 312.000       1.3315
 313.000       1.2771
 314.000       1.2950
 315.000       1.5048
 316.000       2.0336
 317.000       2.5426
 318.000       3.0777
 319.000       3.5725
 320.000       3.6771
 321.000       3.3322
 322.000       2.5383
 323.000       1.9678
 324.000       1.7815
 325.000       1.7050
 326.000       1.7360
 327.000       1.4415
 328.000       1.1887
 329.000       1.0468
 330.000       0.9660
 331.000       0.9858
 332.000       1.0241
 333.000       1.0653
 334.000       1.4029
 335.000       1.4429
 336.000       1.2930
 337.000       1.0785
 338.000       1.0212
 339.000       1.0160
 340.000       1.0531
 341.000       1.1329
 342.000       1.2760
 343.000       1.4344
 344.000       1.4117
 345.000       1.4615
 346.000       1.3990
 347.000       1.2391
 348.000       1.1561
 349.000       1.1632
 350.000       1.0492
 351.000       0.9197
 352.000       0.8812
 353.000       0.8827
 354.000       0.8208
 355.000       0.7220
 356.000       0.7083
 357.000       0.7312
 358.000       0.7347
 359.000       0.7014
 360.000       0.7098
 361.000       0.7322
 362.000       0.7272
 363.000       0.6902
 364.000       0.7817
 365.000       0.8453
 366.000       0.8487
 367.000       0.9273
 368.000       1.1191
 369.000       1.3179
 370.000       1.0721
 371.000       0.9713
 372.000       0.8591
 373.000       0.9582
 374.000       0.9189
 375.000       0.9197
 376.000       0.8277
 377.000       1.0309
 378.000       0.8423
 379.000       0.7491
 380.000       0.8413
 381.000       0.6964
 382.000       0.6414
 383.000       0.7028
 384.000       0.6668
 385.000       0.5960
 386.000       0.6895
 387.000       0.7079
 388.000       0.7193
 389.000       0.7725
 390.000       0.7678
 391.000       0.8213
 392.000       0.9488
 393.000       1.0100
 394.000       0.9099
 395.000       0.9734
 396.000       1.0091
 397.000       1.1131
 398.000       1.1548
 399.000       1.0319
 400.000       1.0697
 401.000       1.2407
 402.000       1.3106
 403.000       1.3593
 404.000       1.5661
 405.000       1.5814
 406.000       1.5846
 407.000       2.0014
 408.000       2.6986
 409.000       2.9737
 410.000       2.9245
 411.000       3.2315
 412.000       2.6183
 413.000       1.6368
 414.000       1.4128
 415.000       1.2985
 416.000       1.0965
 417.000       0.9814
 418.000       0.9827
 419.000       0.9649
 420.000       0.8731
 421.000       0.8204
 422.000       0.8351
 423.000       0.8568
 424.000       0.8007
 425.000       0.7620
 426.000       0.8097
 427.000       0.8433
 428.000       0.7509
 429.000       0.7333
 430.000       0.8433
 431.000       0.6785
 432.000       0.6463
 433.000       0.6430
 434.000       0.6372
 435.000       0.6746
 436.000       0.6443
 437.000       0.6183
 438.000       0.6307
 439.000       0.6351
 440.000       0.6852
 441.000       0.6843
 442.000       0.6746
 443.000       0.7275
 444.000       0.7998
 445.000       0.8043
 446.000       0.8187
 447.000       0.9513
 448.000       1.0734
 449.000       1.2748
 450.000       1.3497
 451.000       1.3478
 452.000       1.3323
 453.000       1.3230
 454.000       1.0846
 455.000       0.9389
 456.000       1.0221
 457.000       1.0555
 458.000       0.8752
 459.000       0.8316
 460.000       0.9505
 461.000       0.8769
 462.000       0.7876
 463.000       0.8080
 464.000       0.8292
 465.000       0.8652
 466.000       0.7880
 467.000       0.7379
 468.000       0.6910
 469.000       0.8419
 470.000       1.1004
 471.000       1.4623
 472.000       1.5288
 473.000       1.4151
 474.000       1.5024
 475.000       1.4984
 476.000       1.4558
 477.000       1.4635
 478.000       1.3199
 479.000       1.3446
 480.000       1.2952
 481.000       1.0947
 482.000       1.2229
 483.000       1.3098
 484.000       1.2815
 485.000       1.2153
 486.000       1.2987
 487.000       1.2515
 488.000       1.0563
 489.000       1.1913
 490.000       1.2448
 491.000       1.1341
 492.000       1.0437
 493.000       1.1738
 494.000       0.8580
 495.000       0.7371
 496.000       0.6902
 497.000       0.6827
 498.000       0.6410
 499.000       0.6059
 500.000       0.6196
 501.000       0.7125
 502.000       0.6473
 503.000       0.5668
 504.000       0.5801
 505.000       0.6216
 506.000       0.6442
 507.000       0.6438
 508.000       0.6575
 509.000       0.7368
 510.000       0.7822
 511.000       0.7135
 512.000       0.7849
 513.000       0.9034
 514.000       0.9498
 515.000       1.1481
 516.000       1.4985
 517.000       1.4866
 518.000       1.9128
 519.000       1.8163
 520.000       1.2825
 521.000       0.9854
 522.000       1.0750
 523.000       1.1296
 524.000       1.2018
 525.000       1.3088
 526.000       1.2238
 527.000       1.5816
 528.000       1.8854
 529.000       1.4066
 530.000       1.0840
 531.000       0.9701
 532.000       0.8165
 533.000       0.8564
 534.000       0.8946
 535.000       0.8602
 536.000       0.7515
 537.000       0.7986
 538.000       0.9112
 539.000       0.8161
 540.000       0.7537
 541.000       0.8717
 542.000       0.9508
 543.000       0.9227
 544.000       0.9740
 545.000       1.0194
 546.000       0.8734
 547.000       0.7859
 548.000       0.7060
 549.000       0.7358
 550.000       0.7738
 551.000       0.7605
 552.000       0.8013
 553.000       0.9232
 554.000       0.9848
 555.000       0.9026
 556.000       0.9604
 557.000       1.1464
 558.000       1.0817
 559.000       1.0484
 560.000       0.9683
 561.000       0.9376
 562.000       0.8403
 563.000       0.8243
 564.000       0.8037
 565.000       0.7219
 566.000       0.7325
 567.000       0.8146
 568.000       0.8368
 569.000       0.7965
 570.000       0.8149
 571.000       0.9043
 572.000       0.9564
 573.000       0.8649
 574.000       0.8756
 575.000       1.0014
 576.000       0.9933
 577.000       0.9764
 578.000       1.1610
 579.000       1.3247
 580.000       1.4008
 581.000       1.5434
 582.000       1.9834
 583.000       2.0836
 584.000       1.5779
 585.000       1.1348
 586.000       1.0607
 587.000       0.9603
 588.000       0.8749
 589.000       1.0261
 590.000       1.4846
 591.000       2.2326
 592.000       2.6184
 593.000       3.6544
 594.000       4.8264
 595.000       6.1237
 596.000       7.4180
 597.000       8.8759
 598.000       8.8131
 599.000       7.4855
 600.000       6.8730
 601.000       6.2310
 602.000       6.0274
 603.000       5.6057
 604.000       5.5738
 605.000       5.8094
 606.000       5.5609
 607.000       5.1939
 608.000       5.6093
 609.000       5.9682
 610.000       5.4546
 611.000       4.5269
 612.000       3.5987
 613.000       3.2453
 614.000       3.0518
 615.000       2.9686
 616.000       3.0454
 617.000       3.3986
 618.000       3.6337
 619.000       3.9619
 620.000       4.3930
 621.000       4.7772
 622.000       5.3244
 623.000       5.6524
 624.000       6.1687
 625.000       6.5548
 626.000       6.5100
 627.000       6.5365
 628.000       6.3451
 629.000       6.1062
 630.000       5.8459
 631.000       5.9736
 632.000       5.6472
 633.000       5.2824
 634.000       5.5217
 635.000       5.6012
 636.000       5.1614
 637.000       5.0090
 638.000       5.0695
 639.000       5.4402
 640.000       5.1775
 641.000       4.5099
 642.000       4.5694
 643.000       4.4569
 644.000       4.8902
 645.000       5.1409
 646.000       5.7213
 647.000       5.8504
 648.000       6.1822
 649.000       6.4470
 650.000       6.9689
 651.000       6.8729
 652.000       6.7039
 653.000       7.2773
 654.000       7.5651
 655.000       7.3149
 656.000       7.0256
 657.000       6.7867
 658.000       6.7080
 659.000       6.0055
 660.000       5.4143
 661.000       4.8831
 662.000       4.4778
 663.000       4.0018
 664.000       3.6889
 665.000       3.2284
 666.000       2.8162
 667.000       2.5592
 668.000       2.4233
 669.000       2.5662
 670.000       2.6306
 671.000       2.7415
 672.000       3.0736
 673.000       3.2664
 674.000       3.2825
 675.000       3.5491
 676.000       3.8886
 677.000       4.2816
 678.000       4.2893
 679.000       3.8638
 680.000       3.5437
 681.000       3.1213
 682.000       2.8133
 683.000       2.9283
 684.000       3.3094
 685.000       3.2543
 686.000       2.9765
 687.000       3.0784
 688.000       3.3072
 689.000       3.7178
 690.000       4.0239
 691.000       4.4238
 692.000       4.7862
 693.000       5.0863
 694.000       4.9678
 695.000       5.1087
 696.000       4.9012
 697.000       4.4905
 698.000       4.0978
 699.000       3.8185
 700.000       3.4714
 701.000       3.1619
 702.000       2.9755
 703.000       2.8225
 704.000       2.6593
 705.000       2.9749
 706.000       3.0258
 707.000       2.7107
 708.000       2.5653
 709.000       2.6963
 710.000       2.9063
 711.000       2.9955
 712.000       2.8601
 713.000       2.9084
 714.000       2.6146
 715.000       2.7195
 716.000       2.5222
 717.000       2.5710
 718.000       2.3813
 719.000       2.4154
 720.000       2.2841
 721.000       2.5387
 722.000       2.9203
 723.000       3.3151
 724.000       3.4114
 725.000       3.6164
 726.000       3.6880
 727.000       3.9626
 728.000       4.2019
 729.000       4.1333
 730.000       3.9033
 731.000       3.8404
 732.000       3.5878
 733.000       3.9752
 734.000       3.7160
 735.000       3.4474
 736.000       3.1986
 737.000       2.8904
 738.000       2.6167
 739.000       2.7096
 740.000       2.7500
 741.000       3.1701
 742.000       3.8104
 743.000       3.7709
 744.000       3.8610
 745.000       3.8202
 746.000       4.5779
 747.000       4.4418
 748.000       4.0409
 749.000       3.7060
 750.000       3.1717
 751.000       2.5653
 752.000       2.5861
 753.000       2.5453
 754.000       2.4471
 755.000       2.3991
 756.000       2.3755
 757.000       2.3925
 758.000       2.2594
 759.000       2.1491
 760.000       2.3124
 761.000       2.1674
 762.000       2.0649
 763.000       2.0208
 764.000       2.1942
 765.000       2.0227
 766.000       1.9641
 767.000       2.0522
 768.000       2.3432
 769.000       2.2721
 770.000       2.0254
 771.000       2.2089
 772.000       2.4454
 773.000       2.7350
 774.000       3.1178
 775.000       3.4192
 776.000       3.8276
 777.000       4.1163
 778.000       4.5894
 779.000       4.9860
 780.000       5.5921
 781.000       6.1723
 782.000       6.7767
 783.000       7.5781
 784.000       8.1420
 785.000       8.2611
 786.000       8.5569
 787.000       8.4017
 788.000       8.6583
 789.000       8.3693
 790.000       8.3524
 791.000       9.6214
