#Res        AtomicFlx
   1.000       3.3187
   2.000       2.5693
   3.000       2.1037
   4.000       2.0283
   5.000       2.1267
   6.000       1.9264
   7.000       1.7045
   8.000       1.8167
   9.000       1.8521
  10.000       1.6189
  11.000       1.5574
  12.000       1.7804
  13.000       1.7480
  14.000       1.5468
  15.000       1.7123
  16.000       1.8912
  17.000       1.7621
  18.000       1.6817
  19.000       1.6512
  20.000       1.5479
  21.000       1.5729
  22.000       1.4416
  23.000       1.4199
  24.000       1.5560
  25.000       1.5499
  26.000       1.4091
  27.000       1.4877
  28.000       1.6673
  29.000       1.6416
  30.000       1.5424
  31.000       1.7009
  32.000       1.8914
  33.000       1.9129
  34.000       1.9162
  35.000       2.4384
  36.000       2.6678
  37.000       3.4819
  38.000       4.1973
  39.000       4.0791
  40.000       3.4516
  41.000       3.1706
  42.000       2.8773
  43.000       2.5169
  44.000       2.4902
  45.000       2.6763
  46.000       2.6921
  47.000       2.4843
  48.000       2.1930
  49.000       2.2892
  50.000       2.1193
  51.000       1.7458
  52.000       1.8112
  53.000       1.9255
  54.000       1.6535
  55.000       1.4258
  56.000       1.5101
  57.000       1.5013
  58.000       1.2808
  59.000       1.1475
  60.000       1.2997
  61.000       1.3697
  62.000       1.2523
  63.000       1.4023
  64.000       1.6074
  65.000       1.6238
  66.000       1.7798
  67.000       1.7935
  68.000       2.1580
  69.000       2.1855
  70.000       1.9826
  71.000       2.0247
  72.000       1.7630
  73.000       1.5126
  74.000       1.4279
  75.000       1.3778
  76.000       1.2706
  77.000       1.0609
  78.000       1.0548
  79.000       1.0708
  80.000       1.0140
  81.000       1.0014
  82.000       0.9910
  83.000       1.0689
  84.000       1.5219
  85.000       2.2094
  86.000       2.9068
  87.000       2.7951
  88.000       2.7422
  89.000       2.3404
  90.000       1.9935
  91.000       2.4783
  92.000       2.2718
  93.000       2.3714
  94.000       2.0221
  95.000       1.9128
  96.000       2.0159
  97.000       1.8411
  98.000       1.6227
  99.000       1.7319
 100.000       1.7811
 101.000       1.5721
 102.000       1.5439
 103.000       1.7084
 104.000       1.6535
 105.000       1.4992
 106.000       1.6516
 107.000       1.8065
 108.000       1.6923
 109.000       1.6863
 110.000       2.0323
 111.000       2.1521
 112.000       2.1059
 113.000       2.0129
 114.000       2.0799
 115.000       2.7013
 116.000       3.4680
 117.000       4.4144
 118.000       5.1090
 119.000       4.6234
 120.000       4.6863
 121.000       4.4036
 122.000       3.5763
 123.000       2.9233
 124.000       2.3282
 125.000       2.1805
 126.000       2.1411
 127.000       2.8780
 128.000       2.8766
 129.000       2.4829
 130.000       2.4742
 131.000       2.2903
 132.000       2.3056
 133.000       1.9913
 134.000       1.9569
 135.000       2.1511
 136.000       2.3803
 137.000       2.3475
 138.000       2.3415
 139.000       2.1150
 140.000       1.9157
 141.000       1.8978
 142.000       1.8400
 143.000       1.6636
 144.000       1.5796
 145.000       1.6610
 146.000       1.7194
 147.000       1.6163
 148.000       1.5196
 149.000       1.5647
 150.000       1.3810
 151.000       1.2845
 152.000       1.6707
 153.000       1.7167
 154.000       1.4273
 155.000       1.1989
 156.000       1.2566
 157.000       1.3495
 158.000       1.2501
 159.000       1.1994
 160.000       1.3373
 161.000       1.3032
 162.000       1.2075
 163.000       1.2752
 164.000       1.3400
 165.000       1.2861
 166.000       1.2268
 167.000       1.3600
 168.000       1.4137
 169.000       1.2313
 170.000       1.3110
 171.000       1.5378
 172.000       1.4152
 173.000       1.2580
 174.000       1.5652
 175.000       1.6251
 176.000       1.4272
 177.000       1.5034
 178.000       1.4134
 179.000       1.5115
 180.000       1.2888
 181.000       1.3017
 182.000       1.2956
 183.000       1.2738
 184.000       1.1731
 185.000       1.3376
 186.000       1.3280
 187.000       1.1717
 188.000       1.0884
 189.000       1.1402
 190.000       1.1835
 191.000       1.6353
 192.000       2.0308
 193.000       2.4798
 194.000       2.3260
 195.000       2.7707
 196.000       2.7731
 197.000       2.2841
 198.000       2.1084
 199.000       1.8278
 200.000       1.6059
 201.000       1.4417
 202.000       1.6666
 203.000       1.5655
 204.000       1.1254
 205.000       1.0406
 206.000       1.1475
 207.000       1.1125
 208.000       0.9370
 209.000       0.9990
 210.000       1.1325
 211.000       1.0263
 212.000       0.9513
 213.000       1.0214
 214.000       1.0163
 215.000       0.9197
 216.000       0.9433
 217.000       1.0136
 218.000       0.8626
 219.000       0.7827
 220.000       0.9053
 221.000       0.9132
 222.000       0.8401
 223.000       0.9154
 224.000       1.0399
 225.000       1.0488
 226.000       1.1069
 227.000       1.2212
 228.000       1.3001
 229.000       1.3379
 230.000       1.7418
 231.000       2.1810
 232.000       2.1928
 233.000       2.3881
 234.000       2.7647
 235.000       3.5963
 236.000       3.6194
 237.000       3.3462
 238.000       3.4747
 239.000       3.6183
 240.000       4.0836
 241.000       3.1404
 242.000       1.4341
 243.000       1.2227
 244.000       1.1566
 245.000       1.2901
 246.000       1.3014
 247.000       1.4259
 248.000       1.4640
 249.000       1.4248
 250.000       1.4698
 251.000       1.3979
 252.000       1.3766
 253.000       1.3387
 254.000       1.4343
 255.000       1.4714
 256.000       1.4490
 257.000       1.3126
 258.000       1.4076
 259.000       1.5169
 260.000       1.6478
 261.000       1.7428
 262.000       1.9685
 263.000       2.3132
 264.000       2.6594
 265.000       2.6550
 266.000       3.6736
 267.000       3.7167
 268.000       3.8474
 269.000       3.4864
 270.000       3.9515
 271.000       3.5496
 272.000       3.0873
 273.000       2.7048
 274.000       1.9674
 275.000       1.7105
 276.000       1.9186
 277.000       1.9994
 278.000       1.9401
 279.000       1.9416
 280.000       2.1816
 281.000       2.3576
 282.000       2.3125
 283.000       2.3025
 284.000       2.0475
 285.000       1.8251
 286.000       1.8215
 287.000       1.6452
 288.000       1.4563
 289.000       1.4537
 290.000       1.5010
 291.000       1.4680
 292.000       1.3686
 293.000       1.3906
 294.000       1.4699
 295.000       1.4701
 296.000       1.3605
 297.000       1.3642
 298.000       1.5472
 299.000       1.6874
 300.000       1.6913
 301.000       1.6964
 302.000       1.5505
 303.000       1.7940
 304.000       2.0115
 305.000       2.2202
 306.000       2.9776
 307.000       2.9636
 308.000       2.4646
 309.000       1.9295
 310.000       1.8396
 311.000       2.1902
 312.000       2.1638
 313.000       2.0666
 314.000       1.7851
 315.000       2.2478
 316.000       2.4180
 317.000       3.0309
 318.000       4.4804
 319.000       4.7864
 320.000       5.0148
 321.000       4.9665
 322.000       4.8079
 323.000       4.0654
 324.000       3.5366
 325.000       3.3183
 326.000       2.5321
 327.000       2.6962
 328.000       1.9409
 329.000       1.4842
 330.000       1.3407
 331.000       1.2288
 332.000       1.3098
 333.000       1.6640
 334.000       1.6751
 335.000       1.5482
 336.000       1.5594
 337.000       1.4598
 338.000       1.3966
 339.000       1.3692
 340.000       1.4636
 341.000       1.6108
 342.000       1.7556
 343.000       2.0609
 344.000       2.1537
 345.000       1.9591
 346.000       1.7068
 347.000       1.5182
 348.000       1.4171
 349.000       1.3929
 350.000       1.3007
 351.000       1.1856
 352.000       1.0820
 353.000       1.0876
 354.000       1.0390
 355.000       0.8983
 356.000       0.8634
 357.000       0.8767
 358.000       0.8812
 359.000       0.8330
 360.000       0.8436
 361.000       0.8690
 362.000       0.8845
 363.000       0.8688
 364.000       0.8889
 365.000       0.8993
 366.000       0.9569
 367.000       1.2742
 368.000       1.4785
 369.000       2.2496
 370.000       1.6434
 371.000       1.4505
 372.000       1.4123
 373.000       1.0461
 374.000       1.0710
 375.000       1.3062
 376.000       1.3080
 377.000       2.0577
 378.000       1.1395
 379.000       0.9856
 380.000       0.9829
 381.000       0.9145
 382.000       0.9393
 383.000       1.0318
 384.000       0.9345
 385.000       0.8718
 386.000       1.0010
 387.000       0.8933
 388.000       0.8588
 389.000       0.8434
 390.000       0.9197
 391.000       0.9504
 392.000       1.0682
 393.000       1.2498
 394.000       1.0913
 395.000       1.3566
 396.000       1.3446
 397.000       1.4780
 398.000       1.3905
 399.000       1.3166
 400.000       1.4671
 401.000       1.6361
 402.000       1.6623
 403.000       1.7762
 404.000       2.0839
 405.000       2.1209
 406.000       2.3087
 407.000       2.7493
 408.000       3.1471
 409.000       3.0794
 410.000       4.3326
 411.000       4.5041
 412.000       3.4478
 413.000       2.0454
 414.000       1.6241
 415.000       1.3614
 416.000       1.2230
 417.000       1.0902
 418.000       0.9797
 419.000       0.9493
 420.000       0.9052
 421.000       0.8100
 422.000       0.8086
 423.000       0.8310
 424.000       0.7788
 425.000       0.7776
 426.000       0.8666
 427.000       0.8905
 428.000       0.8478
 429.000       0.8563
 430.000       0.8787
 431.000       0.7766
 432.000       0.7307
 433.000       0.7275
 434.000       0.7339
 435.000       0.7810
 436.000       0.7365
 437.000       0.7139
 438.000       0.7128
 439.000       0.7550
 440.000       0.8023
 441.000       0.7706
 442.000       0.7691
 443.000       0.8501
 444.000       0.9246
 445.000       0.9480
 446.000       1.0387
 447.000       1.2174
 448.000       1.3230
 449.000       1.5339
 450.000       1.5501
 451.000       1.4913
 452.000       1.4409
 453.000       1.4726
 454.000       1.1549
 455.000       0.9718
 456.000       1.0262
 457.000       1.0768
 458.000       0.8833
 459.000       0.7653
 460.000       0.9180
 461.000       0.9404
 462.000       0.8077
 463.000       0.7931
 464.000       0.9828
 465.000       1.0115
 466.000       0.8543
 467.000       0.7935
 468.000       0.9043
 469.000       0.9672
 470.000       1.1119
 471.000       1.5453
 472.000       2.2106
 473.000       2.3154
 474.000       2.9655
 475.000       3.2805
 476.000       2.7346
 477.000       2.4937
 478.000       1.9185
 479.000       1.9094
 480.000       1.5404
 481.000       1.1260
 482.000       1.2764
 483.000       1.2653
 484.000       1.2183
 485.000       1.2026
 486.000       1.3997
 487.000       1.5705
 488.000       1.4113
 489.000       1.5423
 490.000       1.7561
 491.000       1.5854
 492.000       1.1324
 493.000       1.0678
 494.000       0.7969
 495.000       0.8109
 496.000       0.8353
 497.000       0.7648
 498.000       0.7195
 499.000       0.7810
 500.000       0.8001
 501.000       0.8249
 502.000       0.8641
 503.000       0.8538
 504.000       0.8291
 505.000       0.8416
 506.000       0.9351
 507.000       0.9686
 508.000       0.9027
 509.000       1.0216
 510.000       1.1341
 511.000       1.0203
 512.000       1.1183
 513.000       1.3334
 514.000       1.4177
 515.000       1.5016
 516.000       1.7579
 517.000       1.8368
 518.000       2.4708
 519.000       2.4176
 520.000       1.7955
 521.000       1.2293
 522.000       1.2473
 523.000       1.3923
 524.000       1.4215
 525.000       1.6302
 526.000       1.7287
 527.000       2.1657
 528.000       1.9225
 529.000       1.7124
 530.000       1.4532
 531.000       1.3764
 532.000       1.1340
 533.000       1.1219
 534.000       1.3431
 535.000       1.2475
 536.000       0.9516
 537.000       1.0862
 538.000       1.6079
 539.000       1.5235
 540.000       1.0236
 541.000       1.6830
 542.000       1.4046
 543.000       1.8352
 544.000       1.3959
 545.000       1.3957
 546.000       1.1547
 547.000       1.1196
 548.000       1.0234
 549.000       1.0412
 550.000       1.1926
 551.000       1.2771
 552.000       1.2796
 553.000       1.5292
 554.000       1.7281
 555.000       1.3668
 556.000       1.3518
 557.000       1.5946
 558.000       1.5423
 559.000       1.6498
 560.000       1.4081
 561.000       1.2054
 562.000       1.0180
 563.000       0.9822
 564.000       0.9810
 565.000       0.8954
 566.000       0.8457
 567.000       0.9343
 568.000       0.9767
 569.000       0.8704
 570.000       0.8828
 571.000       1.0077
 572.000       1.0163
 573.000       0.9233
 574.000       0.9503
 575.000       1.0841
 576.000       1.0803
 577.000       1.1055
 578.000       1.3200
 579.000       1.5124
 580.000       1.9503
 581.000       2.2981
 582.000       2.8255
 583.000       2.9235
 584.000       2.8941
 585.000       2.0362
 586.000       1.9303
 587.000       2.2217
 588.000       1.7873
 589.000       2.5075
 590.000       4.6512
 591.000       5.8687
 592.000       7.4984
 593.000       9.1324
 594.000      10.8505
 595.000      11.9993
 596.000      12.7902
 597.000      13.8829
 598.000      12.0783
 599.000      11.2564
 600.000      10.6155
 601.000       9.7775
 602.000       9.3777
 603.000       8.5455
 604.000       7.8595
 605.000       7.4894
 606.000       6.8149
 607.000       6.5337
 608.000       6.6015
 609.000       6.4875
 610.000       6.4534
 611.000       5.9890
 612.000       5.4469
 613.000       5.1486
 614.000       4.9210
 615.000       4.8197
 616.000       5.0357
 617.000       5.5668
 618.000       6.3499
 619.000       6.9626
 620.000       7.2938
 621.000       7.8826
 622.000       8.8142
 623.000       9.4794
 624.000      10.5735
 625.000      11.4117
 626.000      10.7167
 627.000      10.0992
 628.000       9.4285
 629.000       8.9778
 630.000       8.4030
 631.000       8.2151
 632.000       7.6374
 633.000       7.2538
 634.000       7.3304
 635.000       7.1106
 636.000       6.3481
 637.000       6.2455
 638.000       6.3571
 639.000       6.7441
 640.000       6.4779
 641.000       6.1486
 642.000       6.7055
 643.000       6.9390
 644.000       7.8031
 645.000       8.3797
 646.000       9.2875
 647.000       8.9205
 648.000       9.0357
 649.000       8.7332
 650.000       9.4751
 651.000       9.6356
 652.000       9.0669
 653.000       9.4360
 654.000      10.3007
 655.000      10.2603
 656.000      10.8954
 657.000      10.9112
 658.000      10.9571
 659.000       9.6800
 660.000       8.6600
 661.000       7.8956
 662.000       7.1993
 663.000       6.4579
 664.000       5.8348
 665.000       4.9501
 666.000       4.3163
 667.000       3.7735
 668.000       3.5122
 669.000       3.8190
 670.000       3.9407
 671.000       4.1886
 672.000       4.6392
 673.000       5.0198
 674.000       5.2389
 675.000       5.4783
 676.000       6.4992
 677.000       6.9006
 678.000       6.7217
 679.000       6.5003
 680.000       6.4908
 681.000       6.3417
 682.000       5.7116
 683.000       4.6717
 684.000       5.1840
 685.000       5.8726
 686.000       5.1819
 687.000       5.1623
 688.000       6.2289
 689.000       7.0280
 690.000       7.3752
 691.000       8.3156
 692.000       9.1502
 693.000       9.0851
 694.000       8.5478
 695.000       8.4765
 696.000       7.8549
 697.000       7.0123
 698.000       6.3739
 699.000       5.8188
 700.000       5.3384
 701.000       4.8261
 702.000       4.5956
 703.000       4.5188
 704.000       4.5879
 705.000       5.2549
 706.000       5.1892
 707.000       4.5819
 708.000       4.7001
 709.000       5.4340
 710.000       5.6426
 711.000       5.7945
 712.000       6.3089
 713.000       6.5215
 714.000       5.6494
 715.000       5.0962
 716.000       4.3015
 717.000       4.4238
 718.000       4.0710
 719.000       4.0792
 720.000       3.6827
 721.000       3.5800
 722.000       3.8384
 723.000       4.4714
 724.000       5.0686
 725.000       5.6911
 726.000       6.8519
 727.000       7.5938
 728.000       9.2914
 729.000       9.6065
 730.000       8.0371
 731.000       7.1790
 732.000       6.8956
 733.000       6.7361
 734.000       6.4554
 735.000       5.3929
 736.000       4.0222
 737.000       3.7763
 738.000       3.2506
 739.000       3.2941
 740.000       3.1379
 741.000       3.9122
 742.000       4.9162
 743.000       5.0221
 744.000       5.2213
 745.000       4.4728
 746.000       5.2722
 747.000       6.8491
 748.000       7.5623
 749.000       6.5198
 750.000       5.2892
 751.000       4.4241
 752.000       3.7226
 753.000       3.5309
 754.000       3.0576
 755.000       3.1831
 756.000       3.9334
 757.000       3.9752
 758.000       3.8338
 759.000       3.8307
 760.000       3.6676
 761.000       3.5684
 762.000       3.6717
 763.000       4.0185
 764.000       4.8614
 765.000       5.1825
 766.000       5.3273
 767.000       4.5834
 768.000       4.4124
 769.000       3.6806
 770.000       3.3284
 771.000       3.5555
 772.000       3.7909
 773.000       4.1124
 774.000       4.6686
 775.000       5.1386
 776.000       5.8535
 777.000       6.4584
 778.000       7.2185
 779.000       7.9616
 780.000       8.8430
 781.000       9.7879
 782.000      10.5756
 783.000      11.4899
 784.000      11.5589
 785.000      11.7388
 786.000      11.5966
 787.000      11.2723
 788.000      11.2170
 789.000      11.0812
 790.000      11.7791
 791.000      13.0085
