#Res        AtomicFlx
   1.000       3.3542
   2.000       2.7236
   3.000       2.4640
   4.000       2.1727
   5.000       2.1850
   6.000       2.1721
   7.000       1.8946
   8.000       1.7725
   9.000       1.8922
  10.000       1.8231
  11.000       1.5677
  12.000       1.6189
  13.000       1.7858
  14.000       1.6314
  15.000       1.4839
  16.000       1.7758
  17.000       1.9880
  18.000       2.1371
  19.000       2.2918
  20.000       2.1436
  21.000       2.1728
  22.000       1.9996
  23.000       2.0007
  24.000       2.1693
  25.000       2.1706
  26.000       1.9784
  27.000       2.1741
  28.000       2.3626
  29.000       2.1848
  30.000       2.1562
  31.000       2.4286
  32.000       2.5228
  33.000       2.4533
  34.000       2.4346
  35.000       2.4978
  36.000       3.1989
  37.000       3.0513
  38.000       3.2728
  39.000       3.0599
  40.000       2.9882
  41.000       3.3602
  42.000       3.2075
  43.000       2.7268
  44.000       2.9832
  45.000       3.3264
  46.000       2.8847
  47.000       2.6943
  48.000       3.1901
  49.000       3.0524
  50.000       2.4520
  51.000       2.8577
  52.000       3.5569
  53.000       3.0049
  54.000       2.2892
  55.000       2.0459
  56.000       2.1683
  57.000       2.2367
  58.000       2.0015
  59.000       1.9731
  60.000       2.1528
  61.000       2.1556
  62.000       2.0917
  63.000       2.4538
  64.000       2.7562
  65.000       2.5595
  66.000       2.6878
  67.000       2.6078
  68.000       2.9944
  69.000       2.8523
  70.000       2.4738
  71.000       2.4412
  72.000       2.0953
  73.000       1.9827
  74.000       1.7813
  75.000       1.6966
  76.000       1.7999
  77.000       1.6621
  78.000       1.4802
  79.000       1.7208
  80.000       1.8519
  81.000       1.6121
  82.000       1.6501
  83.000       2.0383
  84.000       2.6339
  85.000       3.3554
  86.000       4.0027
  87.000       4.4590
  88.000       3.9832
  89.000       4.4569
  90.000       3.8931
  91.000       4.9853
  92.000       4.4238
  93.000       4.3571
  94.000       4.1051
  95.000       4.0760
  96.000       4.3648
  97.000       4.2696
  98.000       3.9118
  99.000       4.1888
 100.000       4.4916
 101.000       4.0781
 102.000       3.8491
 103.000       4.3898
 104.000       4.4205
 105.000       3.8802
 106.000       4.0977
 107.000       4.6041
 108.000       4.2880
 109.000       3.9486
 110.000       4.7378
 111.000       5.2666
 112.000       4.8290
 113.000       4.5285
 114.000       4.1480
 115.000       4.5237
 116.000       6.1948
 117.000       7.6751
 118.000       8.4526
 119.000       7.5489
 120.000       6.7334
 121.000       5.1273
 122.000       4.0800
 123.000       3.4790
 124.000       3.3164
 125.000       3.4766
 126.000       3.0204
 127.000       3.5444
 128.000       3.4290
 129.000       3.1265
 130.000       3.1806
 131.000       3.4112
 132.000       3.1922
 133.000       3.0545
 134.000       3.2501
 135.000       3.3611
 136.000       3.3009
 137.000       2.9461
 138.000       3.0159
 139.000       2.7588
 140.000       2.3935
 141.000       2.3553
 142.000       2.3796
 143.000       2.0910
 144.000       1.9198
 145.000       2.0549
 146.000       2.0884
 147.000       1.8676
 148.000       1.9372
 149.000       2.3534
 150.000       2.7032
 151.000       2.5522
 152.000       2.5192
 153.000       2.9237
 154.000       3.0773
 155.000       2.8006
 156.000       3.3835
 157.000       3.8826
 158.000       3.4150
 159.000       3.3351
 160.000       3.8443
 161.000       3.6007
 162.000       3.0399
 163.000       3.2773
 164.000       3.4259
 165.000       2.9879
 166.000       2.6833
 167.000       2.9557
 168.000       2.8804
 169.000       2.4746
 170.000       2.4759
 171.000       2.6226
 172.000       2.4153
 173.000       2.2364
 174.000       2.3902
 175.000       2.4074
 176.000       2.2711
 177.000       2.0785
 178.000       1.9417
 179.000       2.0694
 180.000       1.6658
 181.000       1.6868
 182.000       1.6151
 183.000       1.3719
 184.000       1.1956
 185.000       1.0877
 186.000       0.9667
 187.000       1.0156
 188.000       1.1019
 189.000       1.0236
 190.000       1.0211
 191.000       1.0851
 192.000       1.5250
 193.000       2.0218
 194.000       1.8676
 195.000       2.2109
 196.000       2.0158
 197.000       1.4074
 198.000       1.4069
 199.000       1.1865
 200.000       1.1673
 201.000       1.3024
 202.000       1.5211
 203.000       1.5045
 204.000       1.5396
 205.000       1.4434
 206.000       1.4363
 207.000       1.2554
 208.000       1.1089
 209.000       1.1928
 210.000       1.2354
 211.000       1.1288
 212.000       1.0937
 213.000       1.1578
 214.000       1.1732
 215.000       1.1164
 216.000       1.1685
 217.000       1.1616
 218.000       1.0884
 219.000       1.0845
 220.000       1.1210
 221.000       1.1258
 222.000       1.1262
 223.000       1.1654
 224.000       1.1793
 225.000       1.2156
 226.000       1.2619
 227.000       1.3173
 228.000       1.3867
 229.000       1.4865
 230.000       1.5765
 231.000       1.7162
 232.000       1.8909
 233.000       2.2504
 234.000       2.5995
 235.000       2.9885
 236.000       3.0526
 237.000       2.3887
 238.000       1.9263
 239.000       1.8209
 240.000       1.7806
 241.000       1.5906
 242.000       1.3452
 243.000       1.3581
 244.000       1.2625
 245.000       1.2863
 246.000       1.2761
 247.000       1.3566
 248.000       1.4199
 249.000       1.4627
 250.000       1.5998
 251.000       1.5929
 252.000       1.5750
 253.000       1.3221
 254.000       1.7811
 255.000       2.4453
 256.000       2.5346
 257.000       2.5107
 258.000       2.5378
 259.000       1.7621
 260.000       1.4106
 261.000       1.9520
 262.000       2.5250
 263.000       2.4621
 264.000       2.8081
 265.000       2.7006
 266.000       3.6827
 267.000       4.1918
 268.000       4.4516
 269.000       4.8163
 270.000       3.9869
 271.000       3.8931
 272.000       3.4688
 273.000       3.6553
 274.000       3.0632
 275.000       2.7532
 276.000       2.7422
 277.000       2.9139
 278.000       2.9397
 279.000       2.8710
 280.000       3.3186
 281.000       3.6794
 282.000       3.5951
 283.000       3.4500
 284.000       3.0436
 285.000       2.5597
 286.000       2.2947
 287.000       1.9842
 288.000       1.8469
 289.000       1.6716
 290.000       1.4758
 291.000       1.3984
 292.000       1.3878
 293.000       1.1958
 294.000       1.1689
 295.000       1.2370
 296.000       1.1885
 297.000       1.2770
 298.000       1.4252
 299.000       1.5193
 300.000       1.7445
 301.000       1.7139
 302.000       1.5460
 303.000       1.7259
 304.000       1.8957
 305.000       2.2832
 306.000       2.9756
 307.000       2.7908
 308.000       2.5140
 309.000       2.2045
 310.000       2.4056
 311.000       2.4451
 312.000       2.1350
 313.000       2.2014
 314.000       2.3036
 315.000       2.6165
 316.000       2.4443
 317.000       3.0334
 318.000       4.2071
 319.000       4.3916
 320.000       4.2546
 321.000       4.3598
 322.000       3.8864
 323.000       3.6042
 324.000       3.3638
 325.000       2.6774
 326.000       2.2194
 327.000       2.1113
 328.000       2.0430
 329.000       1.8176
 330.000       1.5728
 331.000       1.5492
 332.000       1.4922
 333.000       1.9820
 334.000       1.9805
 335.000       2.0770
 336.000       1.8243
 337.000       1.6946
 338.000       1.6736
 339.000       1.7539
 340.000       1.9170
 341.000       2.1159
 342.000       2.8176
 343.000       2.5384
 344.000       2.6773
 345.000       2.6855
 346.000       2.3518
 347.000       2.1144
 348.000       1.7510
 349.000       1.7274
 350.000       1.9493
 351.000       1.7746
 352.000       1.4447
 353.000       1.6037
 354.000       1.7053
 355.000       1.3900
 356.000       1.1983
 357.000       1.3041
 358.000       1.2752
 359.000       1.0593
 360.000       1.0200
 361.000       1.0988
 362.000       1.0478
 363.000       0.9038
 364.000       1.0032
 365.000       1.1125
 366.000       1.0512
 367.000       1.0291
 368.000       1.2769
 369.000       1.4727
 370.000       1.2143
 371.000       1.1465
 372.000       1.1238
 373.000       1.1807
 374.000       1.1174
 375.000       1.3813
 376.000       1.3373
 377.000       1.4053
 378.000       1.0559
 379.000       0.9897
 380.000       1.2965
 381.000       0.9774
 382.000       0.8009
 383.000       0.8398
 384.000       0.8642
 385.000       0.7474
 386.000       0.8799
 387.000       0.9816
 388.000       0.9373
 389.000       0.9721
 390.000       1.1726
 391.000       1.2083
 392.000       1.2719
 393.000       1.5673
 394.000       1.5742
 395.000       1.5804
 396.000       1.6663
 397.000       1.8318
 398.000       1.9220
 399.000       1.8883
 400.000       1.9277
 401.000       2.1830
 402.000       2.3871
 403.000       2.4016
 404.000       2.5294
 405.000       2.2982
 406.000       2.2821
 407.000       2.6030
 408.000       2.9718
 409.000       3.9740
 410.000       4.7448
 411.000       4.1876
 412.000       4.0124
 413.000       3.3596
 414.000       3.0361
 415.000       1.8967
 416.000       1.5072
 417.000       1.2670
 418.000       1.1249
 419.000       1.1750
 420.000       1.1668
 421.000       1.0480
 422.000       1.0537
 423.000       1.1163
 424.000       1.0881
 425.000       1.0657
 426.000       1.2425
 427.000       1.1895
 428.000       1.0330
 429.000       1.1172
 430.000       1.3094
 431.000       1.0999
 432.000       0.9939
 433.000       0.9529
 434.000       1.0091
 435.000       1.1617
 436.000       1.0861
 437.000       1.0124
 438.000       1.2158
 439.000       1.3341
 440.000       1.1616
 441.000       1.0895
 442.000       1.4142
 443.000       1.4789
 444.000       1.3756
 445.000       1.3647
 446.000       1.8908
 447.000       2.9057
 448.000       4.3492
 449.000       5.2837
 450.000       4.1714
 451.000       2.8331
 452.000       2.3817
 453.000       2.3637
 454.000       1.6292
 455.000       1.4296
 456.000       1.4294
 457.000       1.4112
 458.000       1.2581
 459.000       1.0838
 460.000       1.1483
 461.000       1.2151
 462.000       1.0973
 463.000       1.0713
 464.000       1.2079
 465.000       1.2498
 466.000       1.1555
 467.000       1.1062
 468.000       1.1483
 469.000       1.1476
 470.000       1.3301
 471.000       1.5120
 472.000       1.4627
 473.000       1.3354
 474.000       1.6372
 475.000       1.8146
 476.000       2.4577
 477.000       2.9783
 478.000       2.8999
 479.000       2.9600
 480.000       1.8563
 481.000       1.3902
 482.000       1.7378
 483.000       1.5738
 484.000       1.6527
 485.000       1.5010
 486.000       1.7124
 487.000       1.7332
 488.000       1.7889
 489.000       2.3873
 490.000       2.6553
 491.000       3.0025
 492.000       2.2800
 493.000       1.4485
 494.000       1.1717
 495.000       0.9913
 496.000       0.9262
 497.000       0.8985
 498.000       0.8483
 499.000       0.7489
 500.000       0.7656
 501.000       0.8333
 502.000       0.7797
 503.000       0.7040
 504.000       0.7285
 505.000       0.7529
 506.000       0.7859
 507.000       0.8305
 508.000       0.7919
 509.000       0.9117
 510.000       1.0818
 511.000       0.9885
 512.000       1.1969
 513.000       1.5987
 514.000       2.3394
 515.000       3.1156
 516.000       3.2452
 517.000       2.7939
 518.000       2.6397
 519.000       2.2209
 520.000       1.5566
 521.000       1.1007
 522.000       1.2805
 523.000       1.3477
 524.000       1.3356
 525.000       1.4757
 526.000       1.7581
 527.000       1.9814
 528.000       2.2122
 529.000       2.1123
 530.000       1.6055
 531.000       1.4347
 532.000       1.3471
 533.000       1.2040
 534.000       1.2706
 535.000       1.3088
 536.000       1.0714
 537.000       1.1663
 538.000       1.4023
 539.000       1.1644
 540.000       1.0345
 541.000       1.2024
 542.000       1.3285
 543.000       1.1681
 544.000       1.2852
 545.000       1.2365
 546.000       1.1667
 547.000       1.0300
 548.000       0.9214
 549.000       0.9422
 550.000       1.0600
 551.000       1.0503
 552.000       0.9837
 553.000       1.1488
 554.000       1.3135
 555.000       1.1356
 556.000       1.2241
 557.000       1.4350
 558.000       1.4188
 559.000       1.3818
 560.000       1.2059
 561.000       1.1024
 562.000       0.9885
 563.000       1.0178
 564.000       0.9877
 565.000       0.8775
 566.000       0.9218
 567.000       1.0366
 568.000       1.0367
 569.000       0.9940
 570.000       1.0678
 571.000       1.1511
 572.000       1.2143
 573.000       1.1710
 574.000       1.1845
 575.000       1.3308
 576.000       1.3575
 577.000       1.3449
 578.000       1.5335
 579.000       1.8310
 580.000       1.9616
 581.000       1.8886
 582.000       2.6844
 583.000       2.9106
 584.000       2.5147
 585.000       1.6467
 586.000       1.6787
 587.000       1.5342
 588.000       1.4442
 589.000       1.5144
 590.000       2.1133
 591.000       2.7273
 592.000       2.8249
 593.000       3.1619
 594.000       4.2596
 595.000       6.0794
 596.000       7.6289
 597.000       9.0808
 598.000      16.8525
 599.000      16.7003
 600.000      16.6645
 601.000      16.4475
 602.000      16.3776
 603.000      15.7863
 604.000      15.8462
 605.000      15.8844
 606.000      15.3601
 607.000      15.0055
 608.000      15.0484
 609.000      14.8086
 610.000      14.6463
 611.000      14.1585
 612.000      13.8419
 613.000      14.0205
 614.000      13.7235
 615.000      13.7935
 616.000      13.6356
 617.000      14.1267
 618.000      14.4253
 619.000      14.5583
 620.000      15.0560
 621.000      15.1745
 622.000      15.5772
 623.000      15.8200
 624.000      16.3702
 625.000      16.5469
 626.000      16.6575
 627.000      16.8639
 628.000      16.7661
 629.000      16.6561
 630.000      16.3177
 631.000      16.8015
 632.000      16.8191
 633.000      16.2747
 634.000      16.2447
 635.000      16.8968
 636.000      16.8177
 637.000      15.9888
 638.000      15.3512
 639.000      14.9890
 640.000      14.6537
 641.000      14.6439
 642.000      15.0896
 643.000      14.8324
 644.000      15.1302
 645.000      15.2273
 646.000      15.8939
 647.000      16.2092
 648.000      16.8311
 649.000      17.3627
 650.000      17.9121
 651.000      17.6456
 652.000      17.5887
 653.000      18.2201
 654.000      18.3333
 655.000      17.9614
 656.000      17.5411
 657.000      16.7012
 658.000      16.5243
 659.000      15.9737
 660.000      15.5297
 661.000      15.0556
 662.000      14.7720
 663.000      14.3196
 664.000      13.9865
 665.000      13.6197
 666.000      13.2797
 667.000      13.1557
 668.000      13.0888
 669.000      13.2453
 670.000      13.3077
 671.000      13.4085
 672.000      13.6196
 673.000      13.7890
 674.000      13.6613
 675.000      13.7475
 676.000      14.1775
 677.000      14.4138
 678.000      13.8797
 679.000      13.5110
 680.000      13.2465
 681.000      13.0663
 682.000      12.7443
 683.000      12.8889
 684.000      13.2183
 685.000      13.1210
 686.000      12.8672
 687.000      13.0804
 688.000      13.7415
 689.000      14.1490
 690.000      14.3367
 691.000      14.6623
 692.000      14.6522
 693.000      14.7821
 694.000      14.8545
 695.000      15.1094
 696.000      15.0041
 697.000      14.7443
 698.000      14.5197
 699.000      14.4064
 700.000      14.1856
 701.000      13.8843
 702.000      13.6505
 703.000      13.3885
 704.000      13.1492
 705.000      13.3025
 706.000      13.2255
 707.000      12.9933
 708.000      12.8548
 709.000      12.8173
 710.000      12.9781
 711.000      12.5816
 712.000      12.9092
 713.000      13.3303
 714.000      12.9050
 715.000      12.9339
 716.000      12.8658
 717.000      12.7742
 718.000      12.5905
 719.000      12.5342
 720.000      12.3935
 721.000      12.4428
 722.000      12.4729
 723.000      12.5844
 724.000      12.8174
 725.000      13.2281
 726.000      13.6338
 727.000      14.2749
 728.000      15.1315
 729.000      15.2253
 730.000      14.6887
 731.000      14.2463
 732.000      13.5315
 733.000      13.4641
 734.000      13.3978
 735.000      12.9335
 736.000      12.6335
 737.000      12.5292
 738.000      12.4035
 739.000      12.3576
 740.000      12.3522
 741.000      12.4043
 742.000      12.5234
 743.000      12.7637
 744.000      12.7680
 745.000      12.8446
 746.000      13.2338
 747.000      13.4863
 748.000      13.6869
 749.000      13.1270
 750.000      12.7705
 751.000      12.6508
 752.000      12.5832
 753.000      12.5087
 754.000      12.4794
 755.000      12.5628
 756.000      12.5161
 757.000      12.5454
 758.000      12.5384
 759.000      12.5889
 760.000      12.5695
 761.000      12.4281
 762.000      12.5773
 763.000      12.6063
 764.000      12.8242
 765.000      12.6672
 766.000      13.1496
 767.000      13.4627
 768.000      13.5148
 769.000      13.3937
 770.000      12.9404
 771.000      12.9277
 772.000      13.0793
 773.000      13.3406
 774.000      13.6995
 775.000      13.8901
 776.000      14.2727
 777.000      14.4092
 778.000      14.8012
 779.000      15.0355
 780.000      15.4489
 781.000      16.1057
 782.000      16.9654
 783.000      17.9096
 784.000      18.5953
 785.000      18.9194
 786.000      18.8959
 787.000      18.5343
 788.000      17.9249
 789.000      18.2726
 790.000      18.9398
 791.000      20.4657
